gwno,year,population
2,1946,140031458
2,1947,141977937
2,1948,143951473
2,1949,146051521
2,1950,154202683
2,1951,156481323
2,1952,158794223
2,1953,161168320
2,1954,163636303
2,1955,166200028
2,1956,168824962
2,1957,171499234
2,1958,174215305
2,1959,177145772
2,1960,180274556
2,1961,183489491
2,1962,186724275
2,1963,189825225
2,1964,192819457
2,1965,195653774
2,1966,198265400
2,1967,200699913
2,1968,203011020
2,1969,205300034
2,1970,207796338
2,1971,210426423
2,1972,212842571
2,1973,215006548
2,1974,217076475
2,1975,219129299
2,1976,221168755
2,1977,223259417
2,1978,225396097
2,1979,227575082
2,1980,229858656
2,1981,232201613
2,1982,234583155
2,1983,236986362
2,1984,239353967
2,1985,241690438
2,1986,243953807
2,1987,246161292
2,1988,248393236
2,1989,250675047
2,1990,253373387
2,1991,256471424
2,1992,259606021
2,1993,262633229
2,1994,265474811
2,1995,268205796
2,1996,270860695
2,1997,273468014
2,1998,276119323
2,1999,278785482
2,2000,281484126
2,2001,284279634
2,2002,287084335
2,2003,289908091
2,2004,292786248
2,2005,295716666
2,2006,298730208
2,2007,301844223
2,2008,304970325
2,2009,308023452
2,2010,311062785
2,2011,314105075
2,2012,317115349
2,2013,320110752
2,2014,323115377
2,2015,326126496
2,2016,329179423
2,2017,332204657
2,2018,335056492
2,2019,337790069
2,2020,339436156
2,2021,340161438
2,2022,341534041
2,2023,343477330
2,2024,343477330
2,2025,343477330
20,1946,12715233
20,1947,12947875
20,1948,13184774
20,1949,13449459
20,1950,13741740
20,1951,14083298
20,1952,14482799
20,1953,14897877
20,1954,15318987
20,1955,15728281
20,1956,16159621
20,1957,16641329
20,1958,17104091
20,1959,17515522
20,1960,17898793
20,1961,18263078
20,1962,18613597
20,1963,18964258
20,1964,19321670
20,1965,19685517
20,1966,20053667
20,1967,20408776
20,1968,20734173
20,1969,21037620
20,1970,21440022
20,1971,21895694
20,1972,22230876
20,1973,22512229
20,1974,22824085
20,1975,23148981
20,1976,23455783
20,1977,23730341
20,1978,23978742
20,1979,24237173
20,1980,24533779
20,1981,24844977
20,1982,25140164
20,1983,25412605
20,1984,25670376
20,1985,25927463
20,1986,26211036
20,1987,26540913
20,1988,26927938
20,1989,27366046
20,1990,27789437
20,1991,28157154
20,1992,28500066
20,1993,28830635
20,1994,29147383
20,1995,29459138
20,1996,29767210
20,1997,30059088
20,1998,30329971
20,1999,30599458
20,2000,30891800
20,2001,31213578
20,2002,31535579
20,2003,31836483
20,2004,32132680
20,2005,32440172
20,2006,32759174
20,2007,33092171
20,2008,33449088
20,2009,33826370
20,2010,34196900
20,2011,34555449
20,2012,34922513
20,2013,35293421
20,2014,35634265
20,2015,35962236
20,2016,36353345
20,2017,36808498
20,2018,37294996
20,2019,37782934
20,2020,38171903
20,2021,38454058
20,2022,38821259
20,2023,39299098
20,2024,39299098
20,2025,39299098
31,1946,78762
31,1947,78932
31,1948,79101
31,1949,79993
31,1950,83505
31,1951,84603
31,1952,86175
31,1953,88255
31,1954,90840
31,1955,93933
31,1956,97520
31,1957,101549
31,1958,106007
31,1959,110929
31,1960,116328
31,1961,122211
31,1962,128507
31,1963,135099
31,1964,141538
31,1965,147969
31,1966,154884
31,1967,162279
31,1968,170102
31,1969,177993
31,1970,184995
31,1971,190869
31,1972,196060
31,1973,200800
31,1974,205357
31,1975,209897
31,1976,214517
31,1977,219169
31,1978,223770
31,1979,228244
31,1980,232540
31,1981,236626
31,1982,240624
31,1983,244718
31,1984,248879
31,1985,253169
31,1986,257547
31,1987,261947
31,1988,266457
31,1989,271187
31,1990,275954
31,1991,280745
31,1992,285938
31,1993,291350
31,1994,296519
31,1995,301471
31,1996,306281
31,1997,310914
31,1998,315376
31,1999,319623
31,2000,323846
31,2001,327847
31,2002,331625
31,2003,335625
31,2004,339794
31,2005,343905
31,2006,348386
31,2007,353343
31,2008,358133
31,2009,362806
31,2010,367482
31,2011,371738
31,2012,375474
31,2013,378957
31,2014,382312
31,2015,385355
31,2016,388060
31,2017,390496
31,2018,392718
31,2019,394684
31,2020,395874
31,2021,396381
31,2022,397542
31,2023,399452
31,2024,399452
31,2025,399452
40,1946,5405607
40,1947,5535026
40,1948,5667544
40,1949,5798132
40,1950,5924519
40,1951,6042205
40,1952,6162183
40,1953,6285749
40,1954,6412849
40,1955,6543104
40,1956,6676062
40,1957,6811726
40,1958,6950291
40,1959,7092337
40,1960,7238083
40,1961,7387120
40,1962,7541103
40,1963,7701665
40,1964,7866016
40,1965,8030806
40,1966,8193453
40,1967,8352627
40,1968,8509522
40,1969,8666638
40,1970,8824389
40,1971,8979089
40,1972,9123895
40,1973,9255332
40,1974,9374184
40,1975,9479729
40,1976,9571240
40,1977,9648443
40,1978,9711985
40,1979,9763358
40,1980,9804798
40,1981,9849325
40,1982,9912681
40,1983,9991027
40,1984,10073306
40,1985,10157229
40,1986,10244250
40,1987,10335337
40,1988,10432590
40,1989,10533249
40,1990,10631796
40,1991,10717640
40,1992,10785807
40,1993,10841040
40,1994,10886022
40,1995,10925362
40,1996,10962009
40,1997,10997933
40,1998,11034716
40,1999,11072230
40,2000,11109112
40,2001,11144134
40,2002,11177422
40,2003,11209379
40,2004,11238756
40,2005,11262553
40,2006,11278550
40,2007,11287274
40,2008,11291764
40,2009,11294719
40,2010,11297414
40,2011,11301578
40,2012,11303172
40,2013,11298163
40,2014,11285780
40,2015,11275069
40,2016,11265615
40,2017,11247824
40,2018,11227116
40,2019,11202847
40,2020,11176349
40,2021,11122169
40,2022,11059822
40,2023,11019932
40,2024,11019932
40,2025,11019932
41,1946,3086685
41,1947,3123492
41,1948,3160739
41,1949,3201949
41,1950,3265716
41,1951,3314920
41,1952,3366271
41,1953,3419842
41,1954,3475540
41,1955,3533747
41,1956,3594808
41,1957,3657822
41,1958,3722713
41,1959,3789692
41,1960,3858447
41,1961,3929036
41,1962,4001578
41,1963,4073068
41,1964,4146245
41,1965,4223822
41,1966,4302647
41,1967,4383003
41,1968,4465327
41,1969,4549340
41,1970,4635126
41,1971,4723251
41,1972,4813866
41,1973,4906746
41,1974,5001803
41,1975,5099095
41,1976,5198354
41,1977,5299480
41,1978,5402580
41,1979,5507590
41,1980,5614494
41,1981,5723727
41,1982,5835939
41,1983,5951101
41,1984,6069238
41,1985,6190868
41,1986,6316123
41,1987,6445125
41,1988,6578150
41,1989,6714732
41,1990,6854444
41,1991,6995455
41,1992,7136577
41,1993,7278182
41,1994,7419776
41,1995,7562551
41,1996,7707560
41,1997,7854304
41,1998,8002144
41,1999,8151301
41,2000,8303151
41,2001,8455917
41,2002,8607648
41,2003,8759913
41,2004,8910267
41,2005,9061274
41,2006,9216569
41,2007,9373300
41,2008,9530782
41,2009,9689585
41,2010,9803299
41,2011,9914904
41,2012,10069770
41,2013,10222365
41,2014,10373241
41,2015,10523249
41,2016,10671462
41,2017,10817759
41,2018,10962373
41,2019,11105165
41,2020,11243846
41,2021,11374592
41,2022,11503603
41,2023,11637402
41,2024,11637402
41,2025,11637402
42,1946,2081558
42,1947,2153647
42,1948,2228233
42,1949,2304259
42,1950,2379896
42,1951,2450150
42,1952,2525056
42,1953,2604818
42,1954,2689101
42,1955,2777636
42,1956,2870034
42,1957,2965778
42,1958,3064350
42,1959,3165304
42,1960,3268341
42,1961,3373237
42,1962,3479940
42,1963,3588293
42,1964,3698563
42,1965,3808965
42,1966,3921849
42,1967,4038932
42,1968,4157191
42,1969,4277039
42,1970,4399294
42,1971,4524238
42,1972,4651892
42,1973,4782235
42,1974,4914198
42,1975,5046783
42,1976,5180404
42,1977,5315446
42,1978,5451891
42,1979,5589694
42,1980,5729043
42,1981,5868459
42,1982,6007115
42,1983,6147244
42,1984,6289048
42,1985,6430404
42,1986,6571213
42,1987,6712519
42,1988,6855737
42,1989,7002300
42,1990,7151165
42,1991,7299849
42,1992,7447476
42,1993,7594567
42,1994,7741694
42,1995,7888120
42,1996,8032895
42,1997,8174081
42,1998,8310369
42,1999,8446207
42,2000,8584196
42,2001,8720287
42,2002,8852231
42,2003,8980626
42,2004,9104889
42,2005,9225035
42,2006,9341187
42,2007,9455663
42,2008,9573135
42,2009,9695270
42,2010,9820180
42,2011,9945623
42,2012,10070409
42,2013,10193838
42,2014,10315523
42,2015,10434826
42,2016,10551430
42,2017,10666846
42,2018,10782048
42,2019,10894043
42,2020,11008298
42,2021,11123480
42,2022,11230734
42,2023,11331269
42,2024,11331269
42,2025,11331269
51,1946,1331939
51,1947,1349786
51,1948,1367872
51,1949,1387090
51,1950,1407214
51,1951,1447471
51,1952,1481349
51,1953,1509742
51,1954,1533451
51,1955,1553716
51,1956,1571975
51,1957,1589680
51,1958,1608269
51,1959,1628236
51,1960,1650009
51,1961,1673267
51,1962,1696935
51,1963,1721105
51,1964,1745574
51,1965,1769206
51,1966,1791477
51,1967,1812870
51,1968,1833769
51,1969,1855132
51,1970,1878191
51,1971,1903734
51,1972,1931552
51,1973,1961225
51,1974,1990904
51,1975,2018985
51,1976,2045578
51,1977,2070657
51,1978,2094848
51,1979,2119492
51,1980,2145661
51,1981,2173823
51,1982,2203895
51,1983,2234834
51,1984,2264563
51,1985,2290657
51,1986,2312124
51,1987,2329816
51,1988,2345786
51,1989,2361923
51,1990,2379880
51,1991,2400873
51,1992,2424698
51,1993,2449913
51,1994,2475225
51,1995,2500152
51,1996,2524470
51,1997,2547853
51,1998,2569740
51,1999,2589796
51,2000,2607827
51,2001,2624410
51,2002,2640582
51,2003,2656629
51,2004,2672227
51,2005,2687070
51,2006,2700973
51,2007,2713808
51,2008,2725633
51,2009,2737001
51,2010,2748573
51,2011,2760493
51,2012,2772432
51,2013,2783689
51,2014,2793756
51,2015,2802536
51,2016,2809919
51,2017,2815765
51,2018,2820103
51,2019,2823275
51,2020,2830745
51,2021,2837680
51,2022,2839150
51,2023,2839785
51,2024,2839785
51,2025,2839785
52,1946,578999
52,1947,595647
52,1948,612773
52,1949,630424
52,1950,648778
52,1951,665740
52,1952,683442
52,1953,701870
52,1954,721160
52,1955,741247
52,1956,761692
52,1957,782511
52,1958,803842
52,1959,825021
52,1960,844952
52,1961,863152
52,1962,880205
52,1963,896812
52,1964,912972
52,1965,928433
52,1966,942947
52,1967,956429
52,1968,969006
52,1969,980713
52,1970,991480
52,1971,1002588
52,1972,1014927
52,1973,1027860
52,1974,1040768
52,1975,1053468
52,1976,1066314
52,1977,1079560
52,1978,1093393
52,1979,1107652
52,1980,1121750
52,1981,1135140
52,1982,1147932
52,1983,1160537
52,1984,1172985
52,1985,1187370
52,1986,1203132
52,1987,1217367
52,1988,1230071
52,1989,1241606
52,1990,1252215
52,1991,1262174
52,1992,1271681
52,1993,1280474
52,1994,1288353
52,1995,1295167
52,1996,1300937
52,1997,1305838
52,1998,1310226
52,1999,1314711
52,2000,1319781
52,2001,1325573
52,2002,1332017
52,2003,1338718
52,2004,1345386
52,2005,1352040
52,2006,1358706
52,2007,1365381
52,2008,1372090
52,2009,1379056
52,2010,1386657
52,2011,1394990
52,2012,1403814
52,2013,1412658
52,2014,1421135
52,2015,1429190
52,2016,1437031
52,2017,1445265
52,2018,1470522
52,2019,1484898
52,2020,1481026
52,2021,1487715
52,2022,1495923
52,2023,1502938
52,2024,1502938
52,2025,1502938
53,1946,203528
53,1947,205212
53,1948,206911
53,1949,208689
53,1950,209928
53,1951,213410
53,1952,216517
53,1953,219244
53,1954,221568
53,1955,223296
53,1956,224519
53,1957,225803
53,1958,227266
53,1959,228789
53,1960,230901
53,1961,233155
53,1962,235236
53,1963,237566
53,1964,239969
53,1965,242421
53,1966,245010
53,1967,247099
53,1968,248554
53,1969,249447
53,1970,249398
53,1971,249177
53,1972,249666
53,1973,250330
53,1974,250786
53,1975,251188
53,1976,251454
53,1977,251630
53,1978,251566
53,1979,251277
53,1980,251533
53,1981,252274
53,1982,253098
53,1983,253993
53,1984,254930
53,1985,255831
53,1986,256628
53,1987,257288
53,1988,257768
53,1989,258113
53,1990,258583
53,1991,259382
53,1992,260272
53,1993,261036
53,1994,261625
53,1995,262046
53,1996,262290
53,1997,262405
53,1998,262434
53,1999,262521
53,2000,262071
53,2001,262429
53,2002,264155
53,2003,265789
53,2004,267297
53,2005,268717
53,2006,270011
53,2007,271298
53,2008,272719
53,2009,274137
53,2010,275251
53,2011,276150
53,2012,276949
53,2013,277669
53,2014,278355
53,2015,278999
53,2016,279604
53,2017,280177
53,2018,280719
53,2019,281216
53,2020,281706
53,2021,282157
53,2022,282324
53,2023,282347
53,2024,282347
53,2025,282347
54,1946,48558
54,1947,48894
54,1948,49231
54,1949,49662
54,1950,50219
54,1951,50464
54,1952,50862
54,1953,51401
54,1954,52103
54,1955,52974
54,1956,54006
54,1957,55216
54,1958,56606
54,1959,58123
54,1960,59386
54,1961,60230
54,1962,60969
54,1963,61759
54,1964,62602
54,1965,63522
54,1966,64522
54,1967,65598
54,1968,66751
54,1969,67956
54,1970,68927
54,1971,69548
54,1972,70072
54,1973,70603
54,1974,71106
54,1975,71589
54,1976,72036
54,1977,72424
54,1978,72741
54,1979,72978
54,1980,73102
54,1981,73004
54,1982,72704
54,1983,72385
54,1984,72075
54,1985,71768
54,1986,71426
54,1987,71044
54,1988,70628
54,1989,70171
54,1990,69644
54,1991,69321
54,1992,69344
54,1993,69453
54,1994,69493
54,1995,69490
54,1996,69422
54,1997,69315
54,1998,69144
54,1999,68883
54,2000,68527
54,2001,68299
54,2002,68385
54,2003,68552
54,2004,68664
54,2005,68750
54,2006,68823
54,2007,68862
54,2008,68866
54,2009,68879
54,2010,68872
54,2011,69073
54,2012,69138
54,2013,69733
54,2014,70387
54,2015,70429
54,2016,69627
54,2017,68514
54,2018,68195
54,2019,67901
54,2020,67588
54,2021,67222
54,2022,66847
54,2023,66531
54,2024,66531
54,2025,66531
55,1946,80821
55,1947,79446
55,1948,78094
55,1949,77285
55,1950,77280
55,1951,77952
55,1952,78952
55,1953,80229
55,1954,81795
55,1955,83657
55,1956,85817
55,1957,88168
55,1958,90432
55,1959,92449
55,1960,94074
55,1961,95347
55,1962,96393
55,1963,97212
55,1964,97772
55,1965,98081
55,1966,98137
55,1967,98079
55,1968,98097
55,1969,98220
55,1970,98431
55,1971,98659
55,1972,98793
55,1973,98723
55,1974,98501
55,1975,98144
55,1976,97655
55,1977,97031
55,1978,96322
55,1979,95507
55,1980,94554
55,1981,94066
55,1982,94399
55,1983,94963
55,1984,95518
55,1985,96124
55,1986,96807
55,1987,97537
55,1988,98323
55,1989,99133
55,1990,99973
55,1991,100806
55,1992,101618
55,1993,102398
55,1994,103150
55,1995,103890
55,1996,104599
55,1997,105309
55,1998,106023
55,1999,106744
55,2000,107466
55,2001,107998
55,2002,108414
55,2003,108895
55,2004,109338
55,2005,109744
55,2006,110149
55,2007,110532
55,2008,110911
55,2009,111266
55,2010,111600
55,2011,112093
55,2012,112792
55,2013,113499
55,2014,114148
55,2015,114691
55,2016,115147
55,2017,115448
55,2018,115703
55,2019,115995
55,2020,116353
55,2021,116696
55,2022,116928
55,2023,117094
55,2024,117094
55,2025,117094
56,1946,82670
56,1947,83681
56,1948,84705
56,1949,85710
56,1950,93009
56,1951,93988
56,1952,94432
56,1953,94347
56,1954,94123
56,1955,93821
56,1956,93473
56,1957,93100
56,1958,92731
56,1959,92369
56,1960,92605
56,1961,93506
56,1962,94523
56,1963,95539
56,1964,96529
56,1965,97513
56,1966,98486
56,1967,99523
56,1968,100696
56,1969,101904
56,1970,103184
56,1971,104577
56,1972,106021
56,1973,107512
56,1974,109093
56,1975,110740
56,1976,112442
56,1977,114150
56,1978,115853
56,1979,117547
56,1980,119302
56,1981,121183
56,1982,123097
56,1983,125055
56,1984,127085
56,1985,129174
56,1986,131253
56,1987,133243
56,1988,135019
56,1989,136526
56,1990,137874
56,1991,139536
56,1992,141629
56,1993,143735
56,1994,145901
56,1995,148227
56,1996,150453
56,1997,152584
56,1998,154688
56,1999,156719
56,2000,158624
56,2001,160247
56,2002,161655
56,2003,162985
56,2004,164250
56,2005,165460
56,2006,166657
56,2007,167766
56,2008,168816
56,2009,169880
56,2010,170921
56,2011,171814
56,2012,172595
56,2013,173380
56,2014,174145
56,2015,174919
56,2016,175651
56,2017,176352
56,2018,177032
56,2019,177675
56,2020,178261
56,2021,178540
56,2022,178794
56,2023,179291
56,2024,179291
56,2025,179291
57,1946,59385
57,1947,59798
57,1948,60214
57,1949,60793
57,1950,61686
57,1951,63372
57,1952,65205
57,1953,67182
57,1954,69321
57,1955,71630
57,1956,74076
57,1957,76639
57,1958,79333
57,1959,82169
57,1960,84409
57,1961,85886
57,1962,87260
57,1963,88542
57,1964,89772
57,1965,90947
57,1966,92071
57,1967,93141
57,1968,94139
57,1969,95074
57,1970,95977
57,1971,96892
57,1972,97805
57,1973,98704
57,1974,99577
57,1975,100404
57,1976,101218
57,1977,102013
57,1978,102785
57,1979,103496
57,1980,104229
57,1981,105092
57,1982,105986
57,1983,106858
57,1984,107706
57,1985,108526
57,1986,109302
57,1987,110018
57,1988,110678
57,1989,111290
57,1990,111825
57,1991,112236
57,1992,112524
57,1993,112753
57,1994,112933
57,1995,113064
57,1996,113136
57,1997,113158
57,1998,113195
57,1999,113384
57,2000,113561
57,2001,113506
57,2002,113365
57,2003,113149
57,2004,112856
57,2005,112465
57,2006,112027
57,2007,111544
57,2008,111047
57,2009,110521
57,2010,109974
57,2011,109367
57,2012,108753
57,2013,108156
57,2014,107555
57,2015,106975
57,2016,106365
57,2017,105674
57,2018,104939
57,2019,104183
57,2020,103540
57,2021,102848
57,2022,102063
57,2023,101331
57,2024,101331
57,2025,101331
60,1946,44459
60,1947,45150
60,1948,45852
60,1949,46554
60,1950,47254
60,1951,48327
60,1952,49414
60,1953,50469
60,1954,51359
60,1955,52155
60,1956,52994
60,1957,53843
60,1958,54669
60,1959,55492
60,1960,55834
60,1961,55352
60,1962,54483
60,1963,53461
60,1964,52348
60,1965,51163
60,1966,49917
60,1967,48626
60,1968,47265
60,1969,45750
60,1970,44632
60,1971,44228
60,1972,44054
60,1973,43897
60,1974,43759
60,1975,43628
60,1976,43499
60,1977,43377
60,1978,43237
60,1979,43053
60,1980,42866
60,1981,42721
60,1982,42549
60,1983,42355
60,1984,42134
60,1985,41894
60,1986,41642
60,1987,41368
60,1988,41084
60,1989,40777
60,1990,40456
60,1991,40382
60,1992,40740
60,1993,41266
60,1994,41798
60,1995,42347
60,1996,42903
60,1997,43453
60,1998,44018
60,1999,44625
60,2000,45272
60,2001,45785
60,2002,46048
60,2003,46200
60,2004,46337
60,2005,46459
60,2006,46592
60,2007,46734
60,2008,46857
60,2009,46941
60,2010,46871
60,2011,46917
60,2012,47056
60,2013,47092
60,2014,47112
60,2015,47108
60,2016,47099
60,2017,47075
60,2018,47032
60,2019,46976
60,2020,46896
60,2021,46786
60,2022,46732
60,2023,46783
60,2024,46783
60,2025,46783
70,1946,24193829
70,1947,25016030
70,1948,25866173
70,1949,26727593
70,1950,27587941
70,1951,28320487
70,1952,29090173
70,1953,29899242
70,1954,30753012
70,1955,31650600
70,1956,32587939
70,1957,33562718
70,1958,34575074
70,1959,35627261
70,1960,36724614
70,1961,37890125
70,1962,39129204
70,1963,40424068
70,1964,41772051
70,1965,43174476
70,1966,44629105
70,1967,46129602
70,1968,47668308
70,1969,49233192
70,1970,50814958
70,1971,52412564
70,1972,54030172
70,1973,55667287
70,1974,57320150
70,1975,58982403
70,1976,60645513
70,1977,62308499
70,1978,63979053
70,1979,65648868
70,1980,67300338
70,1981,68892107
70,1982,70433258
70,1983,71971238
70,1984,73506848
70,1985,75043415
70,1986,76585638
70,1987,78136652
70,1988,79695526
70,1989,81247174
70,1990,82820170
70,1991,84430565
70,1992,86044806
70,1993,87653817
70,1994,89259202
70,1995,90862449
70,1996,92452700
70,1997,94021204
70,1998,95575242
70,1999,97115710
70,2000,98625553
70,2001,100099101
70,2002,101548627
70,2003,102978517
70,2004,104394131
70,2005,105811504
70,2006,107253666
70,2007,108774356
70,2008,110374286
70,2009,111999720
70,2010,113623898
70,2011,115243503
70,2012,116818208
70,2013,118343572
70,2014,119784265
70,2015,121072310
70,2016,122251344
70,2017,123400052
70,2018,124573713
70,2019,125762978
70,2020,126799053
70,2021,127648151
70,2022,128613116
70,2023,129739761
70,2024,129739761
70,2025,129739761
80,1946,65254
80,1947,65969
80,1948,66692
80,1949,67736
80,1950,69085
80,1951,71137
80,1952,73364
80,1953,75529
80,1954,77691
80,1955,79867
80,1956,82089
80,1957,84356
80,1958,86672
80,1959,89008
80,1960,91330
80,1961,93646
80,1962,96060
80,1963,98715
80,1964,101619
80,1965,104689
80,1966,107916
80,1967,111291
80,1968,114731
80,1969,118052
80,1970,120746
80,1971,122820
80,1972,124688
80,1973,126461
80,1974,128200
80,1975,130403
80,1976,133117
80,1977,135904
80,1978,138721
80,1979,141693
80,1980,145072
80,1981,148802
80,1982,152561
80,1983,156310
80,1984,160060
80,1985,163812
80,1986,167568
80,1987,171349
80,1988,175195
80,1989,179124
80,1990,183090
80,1991,187056
80,1992,190995
80,1993,194916
80,1994,199101
80,1995,204165
80,1996,210321
80,1997,217459
80,1998,225186
80,1999,233066
80,2000,240809
80,2001,248393
80,2002,256019
80,2003,263794
80,2004,271695
80,2005,279747
80,2006,287889
80,2007,296117
80,2008,304373
80,2009,312619
80,2010,320256
80,2011,327306
80,2012,334421
80,2013,341635
80,2014,348934
80,2015,356341
80,2016,364717
80,2017,373215
80,2018,380232
80,2019,385833
80,2020,390819
80,2021,395355
80,2022,402741
80,2023,411112
80,2024,411112
80,2025,411112
90,1946,2745612
90,1947,2829160
90,1948,2915251
90,1949,3005430
90,1950,3097199
90,1951,3177369
90,1952,3261653
90,1953,3348816
90,1954,3439109
90,1955,3533311
90,1956,3631180
90,1957,3732743
90,1958,3837036
90,1959,3946497
90,1960,4063659
90,1961,4186205
90,1962,4312050
90,1963,4440271
90,1964,4571105
90,1965,4704973
90,1966,4840960
90,1967,4978867
90,1968,5118119
90,1969,5257088
90,1970,5396972
90,1971,5538359
90,1972,5682834
90,1973,5831640
90,1974,5981201
90,1975,6128733
90,1976,6262409
90,1977,6401516
90,1978,6561540
90,1979,6727798
90,1980,6900215
90,1981,7075648
90,1982,7240249
90,1983,7419642
90,1984,7630682
90,1985,7849691
90,1986,8070818
90,1987,8296488
90,1988,8532104
90,1989,8775549
90,1990,9024775
90,1991,9272592
90,1992,9522265
90,1993,9779760
90,1994,10043713
90,1995,10312999
90,1996,10583528
90,1997,10857754
90,1998,11139147
90,1999,11422977
90,2000,11697592
90,2001,11969423
90,2002,12246923
90,2003,12525843
90,2004,12807409
90,2005,13087637
90,2006,13367455
90,2007,13652042
90,2008,13935172
90,2009,14215614
90,2010,14500118
90,2011,14792123
90,2012,15089639
90,2013,15387339
90,2014,15681725
90,2015,15971745
90,2016,16268761
90,2017,16567363
90,2018,16845688
90,2019,17103803
90,2020,17357331
90,2021,17598652
90,2022,17847877
90,2023,18124841
90,2024,18124841
90,2025,18124841
91,1946,1419207
91,1947,1450620
91,1948,1482727
91,1949,1518441
91,1950,1558941
91,1951,1601493
91,1952,1645832
91,1953,1691967
91,1954,1739823
91,1955,1789399
91,1956,1840670
91,1957,1893583
91,1958,1948157
91,1959,2004321
91,1960,2062067
91,1961,2121245
91,1962,2182064
91,1963,2244884
91,1964,2309861
91,1965,2377163
91,1966,2446752
91,1967,2518650
91,1968,2593057
91,1969,2670286
91,1970,2750721
91,1971,2834624
91,1972,2922075
91,1973,3011471
91,1974,3099844
91,1975,3193239
91,1976,3294460
91,1977,3398659
91,1978,3505466
91,1979,3614990
91,1980,3727179
91,1981,3841781
91,1982,3958735
91,1983,4078177
91,1984,4199855
91,1985,4323338
91,1986,4448905
91,1987,4576911
91,1988,4707683
91,1989,4841843
91,1990,4980493
91,1991,5123797
91,1992,5271437
91,1993,5423253
91,1994,5579247
91,1995,5739636
91,1996,5903962
91,1997,6071458
91,1998,6234436
91,1999,6400470
91,2000,6577781
91,2001,6757992
91,2002,6938866
91,2003,7119213
91,2004,7299003
91,2005,7478362
91,2006,7656832
91,2007,7834806
91,2008,8012590
91,2009,8189904
91,2010,8365881
91,2011,8540587
91,2012,8715081
91,2013,8889276
91,2014,9063127
91,2015,9237306
91,2016,9412380
91,2017,9588144
91,2018,9765209
91,2019,9943637
91,2020,10119638
91,2021,10289881
91,2022,10463880
91,2023,10644853
91,2024,10644853
91,2025,10644853
92,1946,2021586
92,1947,2057070
92,1948,2093178
92,1949,2134876
92,1950,2183513
92,1951,2235309
92,1952,2287960
92,1953,2341981
92,1954,2397832
92,1955,2456598
92,1956,2518179
92,1957,2582514
92,1958,2648670
92,1959,2717539
92,1960,2791448
92,1961,2870022
92,1962,2949211
92,1963,3028678
92,1964,3111893
92,1965,3199474
92,1966,3290962
92,1967,3385192
92,1968,3480775
92,1969,3576488
92,1970,3668799
92,1971,3757531
92,1972,3846835
92,1973,3938073
92,1974,4029675
92,1975,4120451
92,1976,4210312
92,1977,4301259
92,1978,4394126
92,1979,4480389
92,1980,4540377
92,1981,4570602
92,1982,4622478
92,1983,4707368
92,1984,4798003
92,1985,4894703
92,1986,4992772
92,1987,5092443
92,1988,5195828
92,1989,5298977
92,1990,5399728
92,1991,5495081
92,1992,5585611
92,1993,5659959
92,1994,5714138
92,1995,5762135
92,1996,5805286
92,1997,5844578
92,1998,5880786
92,1999,5913908
92,2000,5943363
92,2001,5968058
92,2002,5986629
92,2003,5998597
92,2004,6004673
92,2005,6005583
92,2006,6002321
92,2007,6009820
92,2008,6029302
92,2009,6048284
92,2010,6068253
92,2011,6090128
92,2012,6113977
92,2013,6138845
92,2014,6162952
92,2015,6183675
92,2016,6200808
92,2017,6213538
92,2018,6219803
92,2019,6222316
92,2020,6234679
92,2021,6255780
92,2022,6280316
92,2023,6309629
92,2024,6309629
92,2025,6309629
93,1946,1187545
93,1947,1221235
93,1948,1255881
93,1949,1292259
93,1950,1331445
93,1951,1369654
93,1952,1409023
93,1953,1449903
93,1954,1492261
93,1955,1536247
93,1956,1581977
93,1957,1629469
93,1958,1678745
93,1959,1729794
93,1960,1782371
93,1961,1836456
93,1962,1892325
93,1963,1950162
93,1964,2010183
93,1965,2072687
93,1966,2137821
93,1967,2205571
93,1968,2275837
93,1969,2348401
93,1970,2423065
93,1971,2499829
93,1972,2573583
93,1973,2649283
93,1974,2732073
93,1975,2816947
93,1976,2903850
93,1977,2992532
93,1978,3080323
93,1979,3164524
93,1980,3252404
93,1981,3345679
93,1982,3438747
93,1983,3530286
93,1984,3619109
93,1985,3706480
93,1986,3794161
93,1987,3882168
93,1988,3972317
93,1989,4066483
93,1990,4162566
93,1991,4259636
93,1992,4357031
93,1993,4453733
93,1994,4549317
93,1995,4642933
93,1996,4729979
93,1997,4809574
93,1998,4883659
93,1999,4954021
93,2000,5022636
93,2001,5087827
93,2002,5149914
93,2003,5210970
93,2004,5272909
93,2005,5342108
93,2006,5418857
93,2007,5497247
93,2008,5576597
93,2009,5656602
93,2010,5737451
93,2011,5819051
93,2012,5901290
93,2013,5983852
93,2014,6066493
93,2015,6149417
93,2016,6232664
93,2017,6316235
93,2018,6400074
93,2019,6483660
93,2020,6565267
93,2021,6644745
93,2022,6730662
93,2023,6823619
93,2024,6823619
93,2025,6823619
94,1946,827913
94,1947,856143
94,1948,885336
94,1949,916093
94,1950,926761
94,1951,958418
94,1952,991800
94,1953,1027010
94,1954,1064117
94,1955,1103056
94,1956,1143854
94,1957,1186638
94,1958,1231561
94,1959,1278593
94,1960,1327501
94,1961,1377918
94,1962,1429445
94,1963,1481605
94,1964,1533966
94,1965,1586214
94,1966,1638119
94,1967,1689534
94,1968,1739734
94,1969,1789281
94,1970,1838946
94,1971,1888548
94,1972,1938261
94,1973,1988348
94,1974,2039649
94,1975,2092716
94,1976,2147772
94,1977,2205035
94,1978,2264516
94,1979,2326490
94,1980,2390641
94,1981,2456643
94,1982,2524811
94,1983,2595155
94,1984,2667597
94,1985,2741903
94,1986,2817219
94,1987,2892698
94,1988,2968102
94,1989,3043826
94,1990,3121707
94,1991,3202182
94,1992,3284261
94,1993,3367436
94,1994,3451122
94,1995,3535179
94,1996,3619012
94,1997,3701713
94,1998,3782840
94,1999,3862103
94,2000,3937737
94,2001,4008951
94,2002,4075710
94,2003,4138791
94,2004,4200079
94,2005,4261240
94,2006,4321337
94,2007,4380250
94,2008,4440058
94,2009,4499788
94,2010,4555965
94,2011,4609834
94,2012,4663930
94,2013,4716153
94,2014,4767126
94,2015,4818045
94,2016,4867003
94,2017,4913177
94,2018,4957813
94,2019,4999549
94,2020,5034323
94,2021,5059991
94,2022,5081764
94,2023,5105526
94,2024,5105526
94,2025,5105526
95,1946,779793
95,1947,799313
95,1948,819322
95,1949,839905
95,1950,860855
95,1951,882013
95,1952,904460
95,1953,928203
95,1954,953092
95,1955,978971
95,1956,1005877
95,1957,1033915
95,1958,1063168
95,1959,1093804
95,1960,1126004
95,1961,1159880
95,1962,1195311
95,1963,1232136
95,1964,1270068
95,1965,1308840
95,1966,1348390
95,1967,1388630
95,1968,1429452
95,1969,1470888
95,1970,1513071
95,1971,1556079
95,1972,1599721
95,1973,1643696
95,1974,1687932
95,1975,1732393
95,1976,1776943
95,1977,1821550
95,1978,1866317
95,1979,1911555
95,1980,1957543
95,1981,2004424
95,1982,2052278
95,1983,2101107
95,1984,2150781
95,1985,2200921
95,1986,2251331
95,1987,2301979
95,1988,2352856
95,1989,2403821
95,1990,2455588
95,1991,2508273
95,1992,2561342
95,1993,2615099
95,1994,2669545
95,1995,2724555
95,1996,2780228
95,1997,2836702
95,1998,2893918
95,1999,2951820
95,2000,3010376
95,2001,3069545
95,2002,3129343
95,2003,3189813
95,2004,3251158
95,2005,3313024
95,2006,3375024
95,2007,3437490
95,2008,3500646
95,2009,3564383
95,2010,3628537
95,2011,3693509
95,2012,3759261
95,2013,3825333
95,2014,3892100
95,2015,3960034
95,2016,4029085
95,2017,4098704
95,2018,4167860
95,2019,4234698
95,2020,4293258
95,2021,4345410
95,2022,4400775
95,2023,4458758
95,2024,4458758
95,2025,4458758
100,1946,10661259
100,1947,10913579
100,1948,11171870
100,1949,11456827
100,1950,11766991
100,1951,12078813
100,1952,12405851
100,1953,12746037
100,1954,13100844
100,1955,13473060
100,1956,13861805
100,1957,14270276
100,1958,14693292
100,1959,15136219
100,1960,15606209
100,1961,16095207
100,1962,16599031
100,1963,17113824
100,1964,17637416
100,1965,18169053
100,1966,18702693
100,1967,19235624
100,1968,19766802
100,1969,20291937
100,1970,20811790
100,1971,21319099
100,1972,21819572
100,1973,22325375
100,1974,22833475
100,1975,23344650
100,1976,23858815
100,1977,24393499
100,1978,24950342
100,1979,25515627
100,1980,26104503
100,1981,26713267
100,1982,27338334
100,1983,27988176
100,1984,28642690
100,1985,29268470
100,1986,29879114
100,1987,30499471
100,1988,31130530
100,1989,31776280
100,1990,32440064
100,1991,33098373
100,1992,33760571
100,1993,34441479
100,1994,35127408
100,1995,35804670
100,1996,36462740
100,1997,37121155
100,1998,37792169
100,1999,38454861
100,2000,39089939
100,2001,39709263
100,2002,40324684
100,2003,40937426
100,2004,41543177
100,2005,42128978
100,2006,42691081
100,2007,43235374
100,2008,43758805
100,2009,44271543
100,2010,44777325
100,2011,45259614
100,2012,45715807
100,2013,46151583
100,2014,46565426
100,2015,46969938
100,2016,47437513
100,2017,48131076
100,2018,49024463
100,2019,49907987
100,2020,50629997
100,2021,51188174
100,2022,51737944
100,2023,52321152
100,2024,52321152
100,2025,52321152
101,1946,4865770
101,1947,5004165
101,1948,5146496
101,1949,5307595
101,1950,5488858
101,1951,5732604
101,1952,5981378
101,1953,6234772
101,1954,6492813
101,1955,6755819
101,1956,7024324
101,1957,7299445
101,1958,7581981
101,1959,7869228
101,1960,8160087
101,1961,8455921
101,1962,8756880
101,1963,9064019
101,1964,9377715
101,1965,9697793
101,1966,10024858
101,1967,10358514
101,1968,10697538
101,1969,11040279
101,1970,11387795
101,1971,11741013
101,1972,12099184
101,1973,12463539
101,1974,12835356
101,1975,13215889
101,1976,13606286
101,1977,14006819
101,1978,14416680
101,1979,14834551
101,1980,15258225
101,1981,15687305
101,1982,16121876
101,1983,16562202
101,1984,17008838
101,1985,17461433
101,1986,17923542
101,1987,18394970
101,1988,18871021
101,1989,19348925
101,1990,19827005
101,1991,20304898
101,1992,20780946
101,1993,21254525
101,1994,21725186
101,1995,22193822
101,1996,22662117
101,1997,23131691
101,1998,23601341
101,1999,24066595
101,2000,24526707
101,2001,24979934
101,2002,25435674
101,2003,25892710
101,2004,26340843
101,2005,26785797
101,2006,27224691
101,2007,27649369
101,2008,28053694
101,2009,28438296
101,2010,28813101
101,2011,29185220
101,2012,29553829
101,2013,29912195
101,2014,30254080
101,2015,30573968
101,2016,30765719
101,2017,30565331
101,2018,29807591
101,2019,28938096
101,2020,28444080
101,2021,28237830
101,2022,28213015
101,2023,28300861
101,2024,28300861
101,2025,28300861
110,1946,382223
110,1947,390324
110,1948,398597
110,1949,407716
110,1950,418045
110,1951,429112
110,1952,441249
110,1953,454563
110,1954,468986
110,1955,484374
110,1956,500583
110,1957,517510
110,1958,535076
110,1959,553074
110,1960,569156
110,1961,582581
110,1962,595468
110,1963,608542
110,1964,621774
110,1965,635135
110,1966,648654
110,1967,662316
110,1968,676171
110,1969,690229
110,1970,702714
110,1971,712672
110,1972,721630
110,1973,730149
110,1974,738063
110,1975,745407
110,1976,752258
110,1977,758659
110,1978,764594
110,1979,770067
110,1980,774372
110,1981,776461
110,1982,776718
110,1983,775897
110,1984,774119
110,1985,771484
110,1986,768104
110,1987,764125
110,1988,759674
110,1989,754873
110,1990,749891
110,1991,747870
110,1992,749919
110,1993,752969
110,1994,755821
110,1995,758395
110,1996,760535
110,1997,762250
110,1998,763596
110,1999,764490
110,2000,764836
110,2001,764484
110,2002,763657
110,2003,763107
110,2004,762424
110,2005,760922
110,2006,758976
110,2007,756874
110,2008,754614
110,2009,752097
110,2010,749259
110,2011,746161
110,2012,746296
110,2013,750020
110,2014,754231
110,2015,758783
110,2016,763553
110,2017,768483
110,2018,791563
110,2019,807668
110,2020,807486
110,2021,815484
110,2022,821638
110,2023,826357
110,2024,826357
110,2025,826357
115,1946,184215
115,1947,186494
115,1948,188801
115,1949,191880
115,1950,195575
115,1951,200519
115,1952,206364
115,1953,212372
115,1954,218641
115,1955,225202
115,1956,232155
115,1957,239491
115,1958,247245
115,1959,255395
115,1960,263935
115,1961,272796
115,1962,283917
115,1963,297042
115,1964,309046
115,1965,320010
115,1966,331136
115,1967,342687
115,1968,354621
115,1969,366916
115,1970,379451
115,1971,391940
115,1972,397420
115,1973,395776
115,1974,393690
115,1975,391182
115,1976,388296
115,1977,385073
115,1978,381512
115,1979,377607
115,1980,375393
115,1981,375472
115,1982,376566
115,1983,378762
115,1984,382202
115,1985,386982
115,1986,392344
115,1987,396921
115,1988,402231
115,1989,408415
115,1990,412500
115,1991,415021
115,1992,417602
115,1993,419357
115,1994,422382
115,1995,429611
115,1996,438834
115,1997,448068
115,1998,457413
115,1999,466925
115,2000,476647
115,2001,486566
115,2002,496566
115,2003,506421
115,2004,513928
115,2005,519321
115,2006,525003
115,2007,531026
115,2008,537252
115,2009,543580
115,2010,549931
115,2011,556279
115,2012,562640
115,2013,569024
115,2014,575380
115,2015,581634
115,2016,587765
115,2017,593720
115,2018,599519
115,2019,605779
115,2020,612320
115,2021,617905
115,2022,623172
115,2023,628892
115,2024,628892
115,2025,628892
130,1946,3113742
130,1947,3212519
130,1948,3314430
130,1949,3416527
130,1950,3516791
130,1951,3607837
130,1952,3702403
130,1953,3800296
130,1954,3901514
130,1955,4006189
130,1956,4114537
130,1957,4226856
130,1958,4343499
130,1959,4464761
130,1960,4590893
130,1961,4722334
130,1962,4859272
130,1963,5001721
130,1964,5149925
130,1965,5303960
130,1966,5463749
130,1967,5629060
130,1968,5799683
130,1969,5975234
130,1970,6155392
130,1971,6340056
130,1972,6529040
130,1973,6722036
130,1974,6918571
130,1975,7118258
130,1976,7320913
130,1977,7526826
130,1978,7736176
130,1979,7948871
130,1980,8165882
130,1981,8386913
130,1982,8611296
130,1983,8840424
130,1984,9074783
130,1985,9311152
130,1986,9545999
130,1987,9779290
130,1988,10010804
130,1989,10241859
130,1990,10473674
130,1991,10702377
130,1992,10930128
130,1993,11154283
130,1994,11372197
130,1995,11590519
130,1996,11810954
130,1997,12031129
130,1998,12251188
130,1999,12470800
130,2000,12689215
130,2001,12910736
130,2002,13138473
130,2003,13372304
130,2004,13608700
130,2005,13846162
130,2006,14086138
130,2007,14328783
130,2008,14575201
130,2009,14825960
130,2010,15076697
130,2011,15326232
130,2012,15572195
130,2013,15807132
130,2014,16035127
130,2015,16266229
130,2016,16505142
130,2017,16759515
130,2018,17049542
130,2019,17340017
130,2020,17546058
130,2021,17682454
130,2022,17823900
130,2023,17980079
130,2024,17980079
130,2025,17980079
135,1946,7133065
135,1947,7255281
135,1948,7379592
135,1949,7520596
135,1950,7677414
135,1951,7893620
135,1952,8116670
135,1953,8344907
135,1954,8579314
135,1955,8822015
135,1956,9073471
135,1957,9333871
135,1958,9603649
135,1959,9883656
135,1960,10174128
135,1961,10475126
135,1962,10784615
135,1963,11102095
135,1964,11427988
135,1965,11761091
135,1966,12101300
135,1967,12448815
135,1968,12803985
135,1969,13166756
135,1970,13501237
135,1971,13838069
135,1972,14210147
135,1973,14582864
135,1974,14956554
135,1975,15333955
135,1976,15716814
135,1977,16109808
135,1978,16516061
135,1979,16933143
135,1980,17360955
135,1981,17798803
135,1982,18246506
135,1983,18705961
135,1984,19174717
135,1985,19648212
135,1986,20117127
135,1987,20582325
135,1988,21054704
135,1989,21532587
135,1990,22014772
135,1991,22483784
135,1992,22946345
135,1993,23413783
135,1994,23881497
135,1995,24348922
135,1996,24811174
135,1997,25274149
135,1998,25738101
135,1999,26186499
135,2000,26598328
135,2001,26964610
135,2002,27288211
135,2003,27580485
135,2004,27852190
135,2005,28101175
135,2006,28324488
135,2007,28530704
135,2008,28719038
135,2009,28896819
135,2010,29086021
135,2011,29304083
135,2012,29550367
135,2013,29817908
135,2014,30115825
135,2015,30457598
135,2016,30866497
135,2017,31324639
135,2018,31897590
135,2019,32449302
135,2020,32838577
135,2021,33155883
135,2022,33475436
135,2023,33845616
135,2024,33845616
135,2025,33845616
140,1946,48485805
140,1947,49774257
140,1948,51096948
140,1949,52489682
140,1950,53408551
140,1951,55018849
140,1952,56694872
140,1953,58433756
140,1954,60235125
140,1955,62101393
140,1956,64033997
140,1957,66031498
140,1958,68092148
140,1959,70214470
140,1960,72388124
140,1961,74605442
140,1962,76865322
140,1963,79164237
140,1964,81488598
140,1965,83817586
140,1966,86139356
140,1967,88446119
140,1968,90741243
140,1969,93045768
140,1970,95375656
140,1971,97739280
140,1972,100146794
140,1973,102600970
140,1974,105089675
140,1975,107619567
140,1976,110213353
140,1977,112875287
140,1978,115600943
140,1979,118380819
140,1980,121207451
140,1981,124063113
140,1982,126923156
140,1983,129790081
140,1984,132658861
140,1985,135515593
140,1986,138336371
140,1987,141104946
140,1988,143826357
140,1989,146502975
140,1990,149143223
140,1991,151724253
140,1992,154275077
140,1993,156794574
140,1994,159265011
140,1995,161735079
140,1996,164202549
140,1997,166661662
140,1998,169159651
140,1999,171641544
140,2000,174018278
140,2001,176301201
140,2002,178503485
140,2003,180622688
140,2004,182675144
140,2005,184688101
140,2006,186653099
140,2007,188552311
140,2008,190367297
140,2009,192079958
140,2010,193701931
140,2011,195284736
140,2012,196876113
140,2013,198478290
140,2014,200085126
140,2015,201675534
140,2016,203218108
140,2017,204703440
140,2018,206107265
140,2019,207455459
140,2020,208660845
140,2021,209550291
140,2022,210306411
140,2023,211140731
140,2024,211140731
140,2025,211140731
145,1946,3020725
145,1947,3029156
145,1948,3037611
145,1949,3057744
145,1950,3089975
145,1951,3137299
145,1952,3187538
145,1953,3240967
145,1954,3297841
145,1955,3358005
145,1956,3421344
145,1957,3487565
145,1958,3556554
145,1959,3628189
145,1960,3702323
145,1961,3778735
145,1962,3857495
145,1963,3938914
145,1964,4023009
145,1965,4109800
145,1966,4199555
145,1967,4292574
145,1968,4388946
145,1969,4488231
145,1970,4590008
145,1971,4694351
145,1972,4800985
145,1973,4910200
145,1974,5022480
145,1975,5137540
145,1976,5256497
145,1977,5379169
145,1978,5504131
145,1979,5630853
145,1980,5758905
145,1981,5888114
145,1982,6018091
145,1983,6149066
145,1984,6281868
145,1985,6416193
145,1986,6552481
145,1987,6692168
145,1988,6835507
145,1989,6981771
145,1990,7130143
145,1991,7280294
145,1992,7430337
145,1993,7579196
145,1994,7727320
145,1995,7874676
145,1996,8021742
145,1997,8167911
145,1998,8313400
145,1999,8459810
145,2000,8606330
145,2001,8752740
145,2002,8900358
145,2003,9050703
145,2004,9204297
145,2005,9360758
145,2006,9521685
145,2007,9685960
145,2008,9850859
145,2009,10016279
145,2010,10182345
145,2011,10348931
145,2012,10515814
145,2013,10682612
145,2014,10848889
145,2015,11014707
145,2016,11180020
145,2017,11344591
145,2018,11508370
145,2019,11671386
145,2020,11816301
145,2021,11937369
145,2022,12077156
145,2023,12244161
145,2024,12244161
145,2025,12244161
150,1946,1345499
150,1947,1384238
150,1948,1424093
150,1949,1464287
150,1950,1504351
150,1951,1537946
150,1952,1572608
150,1953,1608308
150,1954,1644932
150,1955,1682293
150,1956,1720418
150,1957,1759490
150,1958,1799653
150,1959,1840972
150,1960,1883517
150,1961,1927401
150,1962,1973136
150,1963,2021913
150,1964,2073121
150,1965,2125179
150,1966,2177590
150,1967,2229992
150,1968,2282394
150,1969,2334998
150,1970,2388030
150,1971,2442540
150,1972,2499885
150,1973,2561103
150,1974,2625622
150,1975,2691649
150,1976,2758844
150,1977,2827876
150,1978,2899268
150,1979,2973967
150,1980,3053239
150,1981,3137611
150,1982,3226195
150,1983,3318075
150,1984,3412939
150,1985,3510678
150,1986,3611474
150,1987,3714892
150,1988,3820551
150,1989,3927802
150,1990,4035752
150,1991,4144370
150,1992,4253608
150,1993,4362706
150,1994,4471423
150,1995,4579803
150,1996,4687540
150,1997,4794415
150,1998,4900028
150,1999,5003139
150,2000,5100875
150,2001,5187690
150,2002,5261334
150,2003,5326437
150,2004,5388181
150,2005,5448100
150,2006,5505145
150,2007,5559385
150,2008,5613577
150,2009,5671243
150,2010,5737973
150,2011,5814632
150,2012,5897011
150,2013,5982447
150,2014,6069819
150,2015,6159106
150,2016,6249129
150,2017,6338658
150,2018,6427382
150,2019,6515059
150,2020,6603741
150,2021,6684184
150,2022,6760460
150,2023,6844150
150,2024,6844150
150,2025,6844150
155,1946,6135735
155,1947,6251009
155,1948,6368448
155,1949,6492585
155,1950,6628577
155,1951,6756666
155,1952,6891992
155,1953,7033534
155,1954,7180570
155,1955,7332311
155,1956,7489537
155,1957,7651307
155,1958,7815995
155,1959,7983432
155,1960,8153356
155,1961,8324802
155,1962,8497068
155,1963,8670148
155,1964,8842536
155,1965,9012944
155,1966,9181729
155,1967,9348941
155,1968,9514712
155,1969,9680281
155,1970,9845347
155,1971,10009698
155,1972,10174678
155,1973,10340367
155,1974,10505817
155,1975,10671567
155,1976,10838255
155,1977,11005518
155,1978,11172698
155,1979,11339778
155,1980,11508553
155,1981,11678714
155,1982,11850214
155,1983,12026139
155,1984,12207731
155,1985,12395277
155,1986,12588923
155,1987,12790156
155,1988,12999426
155,1989,13215015
155,1990,13437181
155,1991,13662482
155,1992,13884579
155,1993,14102276
155,1994,14316263
155,1995,14527382
155,1996,14734049
155,1997,14932436
155,1998,15127799
155,1999,15319311
155,2000,15503638
155,2001,15683852
155,2002,15857926
155,2003,16024755
155,2004,16187324
155,2005,16348780
155,2006,16509195
155,2007,16671571
155,2008,16838987
155,2009,17009730
155,2010,17181463
155,2011,17351810
155,2012,17519116
155,2013,17687006
155,2014,17864192
155,2015,18047630
155,2016,18267225
155,2017,18558868
155,2018,18893185
155,2019,19197748
155,2020,19370621
155,2021,19456323
155,2022,19553033
155,2023,19658833
155,2024,19658833
155,2025,19658833
160,1946,15773001
160,1947,16077098
160,1948,16387059
160,1949,16700599
160,1950,17018032
160,1951,17356467
160,1952,17698882
160,1953,18041299
160,1954,18381211
160,1955,18716036
160,1956,19049973
160,1957,19383045
160,1958,19714264
160,1959,20049604
160,1960,20386055
160,1961,20726280
160,1962,21072543
160,1963,21421702
160,1964,21769451
160,1965,22112634
160,1966,22453898
160,1967,22799063
160,1968,23150580
160,1969,23508716
160,1970,23878330
160,1971,24257212
160,1972,24644332
160,1973,25046007
160,1974,25461352
160,1975,25874106
160,1976,26282282
160,1977,26701815
160,1978,27132162
160,1979,27568894
160,1980,28011597
160,1981,28463956
160,1982,28924268
160,1983,29391334
160,1984,29863090
160,1985,30336448
160,1986,30811982
160,1987,31291764
160,1988,31780534
160,1989,32270958
160,1990,32755907
160,1991,33230293
160,1992,33693532
160,1993,34152719
160,1994,34613492
160,1995,35070016
160,1996,35513795
160,1997,35947790
160,1998,36372862
160,1999,36794687
160,2000,37213986
160,2001,37624817
160,2002,38029345
160,2003,38424283
160,2004,38815915
160,2005,39216786
160,2006,39622113
160,2007,40016767
160,2008,40424151
160,2009,40854832
160,2010,41288694
160,2011,41730655
160,2012,42161718
160,2013,42582453
160,2014,43024071
160,2015,43477011
160,2016,43900312
160,2017,44288898
160,2018,44654876
160,2019,44973469
160,2020,45191960
160,2021,45312282
160,2022,45407904
160,2023,45538402
160,2024,45538402
160,2025,45538402
165,1946,2133431
165,1947,2157106
165,1948,2181044
165,1949,2206710
165,1950,2234414
165,1951,2256416
165,1952,2281110
165,1953,2308051
165,1954,2336875
165,1955,2367035
165,1956,2398370
165,1957,2430772
165,1958,2463868
165,1959,2497153
165,1960,2529964
165,1961,2562047
165,1962,2593294
165,1963,2623767
165,1964,2653182
165,1965,2681172
165,1966,2707655
165,1967,2732283
165,1968,2754605
165,1969,2773985
165,1970,2790811
165,1971,2806462
165,1972,2821648
165,1973,2837143
165,1974,2853947
165,1975,2872328
165,1976,2891395
165,1977,2909469
165,1978,2925714
165,1979,2939906
165,1980,2951956
165,1981,2963250
165,1982,2975490
165,1983,2988779
165,1984,3002495
165,1985,3017044
165,1986,3032846
165,1987,3049896
165,1988,3067957
165,1989,3086254
165,1990,3104404
165,1991,3122357
165,1992,3139704
165,1993,3156351
165,1994,3172839
165,1995,3189438
165,1996,3206329
165,1997,3223349
165,1998,3239286
165,1999,3254020
165,2000,3266212
165,2001,3274257
165,2002,3278868
165,2003,3281188
165,2004,3283157
165,2005,3285776
165,2006,3289508
165,2007,3295155
165,2008,3302184
165,2009,3310093
165,2010,3318581
165,2011,3326829
165,2012,3335406
165,2013,3345335
165,2014,3356343
165,2015,3368022
165,2016,3379279
165,2017,3388444
165,2018,3394538
165,2019,3397206
165,2020,3398966
165,2021,3396693
165,2022,3390913
165,2023,3388083
165,2024,3388083
165,2025,3388083
200,1946,49271606
200,1947,49462466
200,1948,49654066
200,1949,49851583
200,1950,50121020
200,1951,50346821
200,1952,50496231
200,1953,50727035
200,1954,50958246
200,1955,51176749
200,1956,51400458
200,1957,51655911
200,1958,51935640
200,1959,52226466
200,1960,52538548
200,1961,52884952
200,1962,53272836
200,1963,53652939
200,1964,54009130
200,1965,54359022
200,1966,54676346
200,1967,54973661
200,1968,55240654
200,1969,55456208
200,1970,55663801
200,1971,55890372
200,1972,56079239
200,1973,56188787
200,1974,56224550
200,1975,56220139
200,1976,56201143
200,1977,56175829
200,1978,56175553
200,1979,56218759
200,1980,56282102
200,1981,56304590
200,1982,56292761
200,1983,56332060
200,1984,56451312
200,1985,56606416
200,1986,56751926
200,1987,56886021
200,1988,57026539
200,1989,57182137
200,1990,57367867
200,1991,57555199
200,1992,57719273
200,1993,57861037
200,1994,58003200
200,1995,58154632
200,1996,58298563
200,1997,58447091
200,1998,58626822
200,1999,58838663
200,2000,59057333
200,2001,59288095
200,2002,59540764
200,2003,59820385
200,2004,60169964
200,2005,60596107
200,2006,61051093
200,2007,61535859
200,2008,62027303
200,2009,62506222
200,2010,63006482
200,2011,63509285
200,2012,63960488
200,2013,64389386
200,2014,64865914
200,2015,65382107
200,2016,65893359
200,2017,66354473
200,2018,66752473
200,2019,67110958
200,2020,67351860
200,2021,67668788
200,2022,68179315
200,2023,68682965
200,2024,68682965
200,2025,68682965
205,1950,2912656
205,1951,2936865
205,1952,2941463
205,1953,2929083
205,1954,2915174
205,1955,2899545
205,1956,2883752
205,1957,2869103
205,1958,2854004
205,1959,2839216
205,1960,2827691
205,1961,2824696
205,1962,2831496
205,1963,2843035
205,1964,2857169
205,1965,2873157
205,1966,2888884
205,1967,2905420
205,1968,2922789
205,1969,2940759
205,1970,2961402
205,1971,2993119
205,1972,3037153
205,1973,3084436
205,1974,3132177
205,1975,3180119
205,1976,3228393
205,1977,3277756
205,1978,3329185
205,1979,3375806
205,1980,3415240
205,1981,3448825
205,1982,3475532
205,1983,3497614
205,1984,3515953
205,1985,3531275
205,1986,3541875
205,1987,3540382
205,1988,3525092
205,1989,3511070
205,1990,3514015
205,1991,3534258
205,1992,3558417
205,1993,3576118
205,1994,3590162
205,1995,3610695
205,1996,3638507
205,1997,3672287
205,1998,3711075
205,1999,3752938
205,2000,3802589
205,2001,3862981
205,2002,3928441
205,2003,3992935
205,2004,4066066
205,2005,4155283
205,2006,4268775
205,2007,4393518
205,2008,4485992
205,2009,4533750
205,2010,4559084
205,2011,4579603
205,2012,4600135
205,2013,4624686
205,2014,4658236
205,2015,4702497
205,2016,4753506
205,2017,4810258
205,2018,4872559
205,2019,4933493
205,2020,4982602
205,2021,5028428
205,2022,5110015
205,2023,5196629
205,2024,5196629
205,2025,5196629
210,1946,9583114
210,1947,9708687
210,1948,9835906
210,1949,9964193
210,1950,10113759
210,1951,10264536
210,1952,10382295
210,1953,10493531
210,1954,10615733
210,1955,10751231
210,1956,10889767
210,1957,11026879
210,1958,11187365
210,1959,11348106
210,1960,11486909
210,1961,11639372
210,1962,11807553
210,1963,11969159
210,1964,12131887
210,1965,12301136
210,1966,12464283
210,1967,12607835
210,1968,12740851
210,1969,12890641
210,1970,13052082
210,1971,13208353
210,1972,13342780
210,1973,13453743
210,1974,13559671
210,1975,13680033
210,1976,13786641
210,1977,13868605
210,1978,13953922
210,1979,14050176
210,1980,14162686
210,1981,14262691
210,1982,14333902
210,1983,14396898
210,1984,14462809
210,1985,14538958
210,1986,14626488
210,1987,14724948
210,1988,14825915
210,1989,14921107
210,1990,15030886
210,1991,15155093
210,1992,15276787
210,1993,15389718
210,1994,15485453
210,1995,15565034
210,1996,15640032
210,1997,15723621
210,1998,15827109
210,1999,15940183
210,2000,16058757
210,2001,16182705
210,2002,16288060
210,2003,16366914
210,2004,16425562
210,2005,16465707
210,2006,16493851
210,2007,16531360
210,2008,16597259
210,2009,16684148
210,2010,16771232
210,2011,16851061
210,2012,16915191
210,2013,16967066
210,2014,17030085
210,2015,17107429
210,2016,17204693
210,2017,17315376
210,2018,17421285
210,2019,17537505
210,2020,17636732
210,2021,17730565
210,2022,17904421
210,2023,18092526
210,2024,18092526
210,2025,18092526
211,1946,8489101
211,1947,8518479
211,1948,8547959
211,1949,8580904
211,1950,8617442
211,1951,8655755
211,1952,8696639
211,1953,8741858
211,1954,8788383
211,1955,8835492
211,1956,8882161
211,1957,8931862
211,1958,8986120
211,1959,9045745
211,1960,9102172
211,1961,9158208
211,1962,9217669
211,1963,9275198
211,1964,9337681
211,1965,9399851
211,1966,9455000
211,1967,9505919
211,1968,9549702
211,1969,9589190
211,1970,9630508
211,1971,9666524
211,1972,9694853
211,1973,9718032
211,1974,9735809
211,1975,9748472
211,1976,9758905
211,1977,9774018
211,1978,9791812
211,1979,9811367
211,1980,9833093
211,1981,9850674
211,1982,9862329
211,1983,9869136
211,1984,9874586
211,1985,9880338
211,1986,9886981
211,1987,9899150
211,1988,9916566
211,1989,9936575
211,1990,9960968
211,1991,9998962
211,1992,10045988
211,1993,10084932
211,1994,10116005
211,1995,10137264
211,1996,10156972
211,1997,10181465
211,1998,10203185
211,1999,10226681
211,2000,10251719
211,2001,10287005
211,2002,10332975
211,2003,10376262
211,2004,10421298
211,2005,10478883
211,2006,10548445
211,2007,10625488
211,2008,10709711
211,2009,10812936
211,2010,10936619
211,2011,11038624
211,2012,11107522
211,2013,11160277
211,2014,11210113
211,2015,11275332
211,2016,11332707
211,2017,11376583
211,2018,11428608
211,2019,11490623
211,2020,11540102
211,2021,11570843
211,2022,11641814
211,2023,11712891
211,2024,11712891
211,2025,11712891
212,1946,297340
212,1947,296801
212,1948,296262
212,1949,296190
212,1950,296580
212,1951,298161
212,1952,299909
212,1953,301692
212,1954,303489
212,1955,305315
212,1956,306957
212,1957,308439
212,1958,310039
212,1959,312043
212,1960,313888
212,1961,316347
212,1962,319663
212,1963,322855
212,1964,326232
212,1965,329709
212,1966,333085
212,1967,335524
212,1968,337015
212,1969,338271
212,1970,339337
212,1971,341961
212,1972,346085
212,1973,349206
212,1974,351432
212,1975,353686
212,1976,355877
212,1977,358252
212,1978,361047
212,1979,362898
212,1980,363711
212,1981,364487
212,1982,365061
212,1983,365495
212,1984,365904
212,1985,366665
212,1986,368409
212,1987,370789
212,1988,373789
212,1989,377384
212,1990,381707
212,1991,386819
212,1992,391972
212,1993,397210
212,1994,402597
212,1995,408237
212,1996,413779
212,1997,418970
212,1998,424158
212,1999,429909
212,2000,436142
212,2001,441754
212,2002,446392
212,2003,451845
212,2004,458305
212,2005,465369
212,2006,472869
212,2007,480277
212,2008,488995
212,2009,498196
212,2010,507418
212,2011,518583
212,2012,530951
212,2013,543358
212,2014,556285
212,2015,569540
212,2016,583511
212,2017,596506
212,2018,608109
212,2019,620167
212,2020,630597
212,2021,640276
212,2022,653315
212,2023,665101
212,2024,665101
212,2025,665101
220,1946,41101259
220,1947,41250956
220,1948,41401199
220,1949,41598134
220,1950,41883122
220,1951,42333662
220,1952,42780274
220,1953,43227873
220,1954,43676898
220,1955,44136093
220,1956,44588525
220,1957,45036374
220,1958,45493502
220,1959,45963766
220,1960,46428136
220,1961,46893841
220,1962,47352626
220,1963,47817823
220,1964,48319087
220,1965,48772824
220,1966,49184651
220,1967,49574907
220,1968,49947252
220,1969,50355300
220,1970,50813071
220,1971,51293056
220,1972,51743877
220,1973,52162210
220,1974,52504744
220,1975,52746324
220,1976,52959120
220,1977,53197133
220,1978,53429668
220,1979,53660898
220,1980,53941061
220,1981,54255004
220,1982,54582405
220,1983,54889407
220,1984,55176626
220,1985,55467153
220,1986,55752833
220,1987,56048366
220,1988,56361846
220,1989,56685081
220,1990,56990239
220,1991,57271564
220,1992,57554867
220,1993,57801261
220,1994,57999868
220,1995,58192207
220,1996,58380638
220,1997,58568662
220,1998,58778817
220,1999,59084209
220,2000,59483716
220,2001,59905131
220,2002,60327247
220,2003,60741119
220,2004,61175244
220,2005,61625031
220,2006,62049831
220,2007,62432438
220,2008,62780187
220,2009,63106460
220,2010,63417366
220,2011,63733776
220,2012,64058465
220,2013,64387736
220,2014,64692495
220,2015,64916337
220,2016,65086853
220,2017,65284775
220,2018,65519537
220,2019,65729460
220,2020,65905273
220,2021,66083547
220,2022,66277412
220,2023,66438828
220,2024,66438828
220,2025,66438828
221,1946,21542
221,1947,20946
221,1948,20366
221,1949,19961
221,1950,19689
221,1951,20370
221,1952,20577
221,1953,20686
221,1954,20687
221,1955,20605
221,1956,20744
221,1957,21120
221,1958,21428
221,1959,21672
221,1960,21829
221,1961,21927
221,1962,22101
221,1963,22411
221,1964,22710
221,1965,22967
221,1966,23154
221,1967,23262
221,1968,23461
221,1969,23856
221,1970,24252
221,1971,24606
221,1972,24885
221,1973,25097
221,1974,25260
221,1975,25525
221,1976,25918
221,1977,26293
221,1978,26628
221,1979,26913
221,1980,27146
221,1981,27318
221,1982,27584
221,1983,27985
221,1984,28380
221,1985,28756
221,1986,29119
221,1987,29470
221,1988,29806
221,1989,30108
221,1990,30382
221,1991,30654
221,1992,30909
221,1993,31165
221,1994,31398
221,1995,31636
221,1996,31859
221,1997,32090
221,1998,32289
221,1999,32435
221,2000,32477
221,2001,32466
221,2002,32441
221,2003,32396
221,2004,32329
221,2005,32235
221,2006,32083
221,2007,31859
221,2008,31862
221,2009,32390
221,2010,33188
221,2011,33968
221,2012,34738
221,2013,35476
221,2014,36155
221,2015,36785
221,2016,37301
221,2017,37700
221,2018,38179
221,2019,38131
221,2020,38074
221,2021,38548
221,2022,38950
221,2023,38979
221,2024,38979
221,2025,38979
223,1946,13332
223,1947,13411
223,1948,13490
223,1949,13608
223,1950,13786
223,1951,14026
223,1952,14251
223,1953,14489
223,1954,14736
223,1955,14992
223,1956,15265
223,1957,15562
223,1958,15878
223,1959,16189
223,1960,16512
223,1961,16883
223,1962,17299
223,1963,17724
223,1964,18170
223,1965,18631
223,1966,19090
223,1967,19575
223,1968,20105
223,1969,20650
223,1970,21170
223,1971,21618
223,1972,22022
223,1973,22421
223,1974,22826
223,1975,23223
223,1976,23610
223,1977,23994
223,1978,24369
223,1979,24749
223,1980,25114
223,1981,25487
223,1982,25870
223,1983,26261
223,1984,26652
223,1985,27036
223,1986,27406
223,1987,27785
223,1988,28171
223,1989,28556
223,1990,28912
223,1991,29303
223,1992,29750
223,1993,30199
223,1994,30623
223,1995,31055
223,1996,31497
223,1997,31925
223,1998,32341
223,1999,32751
223,2000,33137
223,2001,33470
223,2002,33770
223,2003,34089
223,2004,34409
223,2005,34713
223,2006,35002
223,2007,35251
223,2008,35467
223,2009,35740
223,2010,36021
223,2011,36295
223,2012,36621
223,2013,36930
223,2014,37191
223,2015,37424
223,2016,37635
223,2017,37872
223,2018,38157
223,2019,38463
223,2020,38793
223,2021,39062
223,2022,39338
223,2023,39622
223,2024,39622
223,2025,39622
225,1946,4491874
225,1947,4539301
225,1948,4587228
225,1949,4638318
225,1950,4692642
225,1951,4748090
225,1952,4811615
225,1953,4875654
225,1954,4938749
225,1955,5002118
225,1956,5065624
225,1957,5130171
225,1958,5196450
225,1959,5262809
225,1960,5327777
225,1961,5434125
225,1962,5573701
225,1963,5694163
225,1964,5789153
225,1965,5856414
225,1966,5917969
225,1967,5991733
225,1968,6067657
225,1969,6136353
225,1970,6180922
225,1971,6213536
225,1972,6261086
225,1973,6307408
225,1974,6341381
225,1975,6338600
225,1976,6302556
225,1977,6281365
225,1978,6282045
225,1979,6294719
225,1980,6319848
225,1981,6354561
225,1982,6391805
225,1983,6419309
225,1984,6442419
225,1985,6470959
225,1986,6504748
225,1987,6545771
225,1988,6594145
225,1989,6647787
225,1990,6713168
225,1991,6796942
225,1992,6875049
225,1993,6938106
225,1994,6993594
225,1995,7040481
225,1996,7071885
225,1997,7089161
225,1998,7110294
225,1999,7144119
225,2000,7184003
225,2001,7226391
225,2002,7278744
225,2003,7333451
225,2004,7384196
225,2005,7431824
225,2006,7478514
225,2007,7545386
225,2008,7641730
225,2009,7737644
225,2010,7825750
225,2011,7914379
225,2012,7998927
225,2013,8091199
225,2014,8190238
225,2015,8283940
225,2016,8374903
225,2017,8453630
225,2018,8516341
225,2019,8577525
225,2020,8640582
225,2021,8707019
225,2022,8792180
225,2023,8870564
225,2024,8870564
225,2025,8870564
230,1946,27119742
230,1947,27353278
230,1948,27588824
230,1949,27827617
230,1950,28077048
230,1951,28214862
230,1952,28406044
230,1953,28632701
230,1954,28857828
230,1955,29089774
230,1956,29323672
230,1957,29569970
230,1958,29849658
230,1959,30140710
230,1960,30404938
230,1961,30699568
230,1962,31040106
230,1963,31379831
230,1964,31741586
230,1965,32110669
230,1966,32465887
230,1967,32820751
230,1968,33170121
230,1969,33496941
230,1970,33812720
230,1971,34157447
230,1972,34539861
230,1973,34926521
230,1974,35361763
230,1975,35795771
230,1976,36176273
230,1977,36551267
230,1978,36904970
230,1979,37230370
230,1980,37537560
230,1981,37812708
230,1982,38047097
230,1983,38253247
230,1984,38437483
230,1985,38601315
230,1986,38735706
230,1987,38852007
230,1988,38952258
230,1989,39029557
230,1990,39084975
230,1991,39201750
230,1992,39420344
230,1993,39651627
230,1994,39858721
230,1995,40052733
230,1996,40237375
230,1997,40423823
230,1998,40617436
230,1999,40812855
230,2000,41019772
230,2001,41245602
230,2002,41755703
230,2003,42506540
230,2004,43234562
230,2005,43958883
230,2006,44695446
230,2007,45516501
230,2008,46235055
230,2009,46635182
230,2010,46840469
230,2011,46998040
230,2012,47018323
230,2013,46860394
230,2014,46720187
230,2015,46683683
230,2016,46732768
230,2017,46868594
230,2018,47092817
230,2019,47435121
230,2020,47679482
230,2021,47735670
230,2022,47828386
230,2023,47911583
230,2024,47911583
230,2025,47911583
232,1946,5686
232,1947,5746
232,1948,5807
232,1949,5893
232,1950,6018
232,1951,5843
232,1952,5474
232,1953,5346
232,1954,5623
232,1955,6187
232,1956,6788
232,1957,7420
232,1958,8090
232,1959,8794
232,1960,9532
232,1961,10307
232,1962,11107
232,1963,11936
232,1964,12787
232,1965,13656
232,1966,14649
232,1967,15860
232,1968,17201
232,1969,18581
232,1970,19999
232,1971,21466
232,1972,22978
232,1973,24544
232,1974,26153
232,1975,27799
232,1976,29457
232,1977,31125
232,1978,32758
232,1979,34326
232,1980,35802
232,1981,37194
232,1982,38785
232,1983,40586
232,1984,42291
232,1985,43845
232,1986,45758
232,1987,47677
232,1988,49441
232,1989,50638
232,1990,52616
232,1991,56691
232,1992,60217
232,1993,63293
232,1994,64631
232,1995,63936
232,1996,64006
232,1997,64722
232,1998,65400
232,1999,65732
232,2000,65703
232,2001,65874
232,2002,66528
232,2003,69507
232,2004,74342
232,2005,77436
232,2006,79609
232,2007,81901
232,2008,83513
232,2009,83907
232,2010,80727
232,2011,77801
232,2012,76858
232,2013,75220
232,2014,73755
232,2015,72195
232,2016,72197
232,2017,73780
232,2018,75181
232,2019,76492
232,2020,77397
232,2021,78379
232,2022,79722
232,2023,80869
232,2024,80869
232,2025,80869
235,1946,8115508
235,1947,8193251
235,1948,8271739
235,1949,8346329
235,1950,8418877
235,1951,8474201
235,1952,8523424
235,1953,8572744
235,1954,8616967
235,1955,8662889
235,1956,8704061
235,1957,8743286
235,1958,8792775
235,1959,8840372
235,1960,8873223
235,1961,8888380
235,1962,8895775
235,1963,8898304
235,1964,8895764
235,1965,8889623
235,1966,8872477
235,1967,8845842
235,1968,8809709
235,1969,8754238
235,1970,8669523
235,1971,8685587
235,1972,8815590
235,1973,8939234
235,1974,9059175
235,1975,9182303
235,1976,9310263
235,1977,9438170
235,1978,9556397
235,1979,9663303
235,1980,9763622
235,1981,9837588
235,1982,9885845
235,1983,9925257
235,1984,9956893
235,1985,9979475
235,1986,9993097
235,1987,10001990
235,1988,10004588
235,1989,10001380
235,1990,9989526
235,1991,9969181
235,1992,9960345
235,1993,9972341
235,1994,9998487
235,1995,10031756
235,1996,10067655
235,1997,10110548
235,1998,10159524
235,1999,10214877
235,2000,10283196
235,2001,10354329
235,2002,10413045
235,2003,10454246
235,2004,10481386
235,2005,10502993
235,2006,10524123
235,2007,10546822
235,2008,10564086
235,2009,10576265
235,2010,10578659
235,2011,10557050
235,2012,10513155
235,2013,10458287
235,2014,10406203
235,2015,10370264
235,2016,10346377
235,2017,10330838
235,2018,10325355
235,2019,10343218
235,2020,10370519
235,2021,10390957
235,2022,10417074
235,2023,10430735
235,2024,10430735
235,2025,10430735
260,1946,71225935
260,1947,71075562
260,1948,70925507
260,1949,70888212
260,1950,49980000
260,1951,69782050
260,1952,69826948
260,1953,69935116
260,1954,70104621
260,1955,70334149
260,1956,70613897
260,1957,71088145
260,1958,71694674
260,1959,72241718
260,1960,72811635
260,1961,73376114
260,1962,73997000
260,1963,74698003
260,1964,75313480
260,1965,75966968
260,1966,76611025
260,1967,76970794
260,1968,77321280
260,1969,77944022
260,1970,78205103
260,1971,78345876
260,1972,78719924
260,1973,61980000
260,1974,78996691
260,1975,78701861
260,1976,78364503
260,1977,78185560
260,1978,78115357
260,1979,78147898
260,1980,78315373
260,1981,78448044
260,1982,78393670
260,1983,78224137
260,1984,77998197
260,1985,77863423
260,1986,77923806
260,1987,78062321
260,1988,78385992
260,1989,79007062
260,1990,63250000
260,1991,80303190
260,1992,80934901
260,1993,81486771
260,1994,81773613
260,1995,82019890
260,1996,82263195
260,1997,82389631
260,1998,82011933
260,1999,81678279
260,2000,81797255
260,2001,81933882
260,2002,82068328
260,2003,82111619
260,2004,82092706
260,2005,82046733
260,2006,81701971
260,2007,81298546
260,2008,81110780
260,2009,80935276
260,2010,80830916
260,2011,80857877
260,2012,80916391
260,2013,81041581
260,2014,81376078
260,2015,82077546
260,2016,82760102
260,2017,83104010
260,2018,83368507
260,2019,83559184
260,2020,83628711
260,2021,83697080
260,2022,84086227
260,2023,84548233
260,2024,84548233
260,2025,84548233
265,1950,18390000
265,1973,16890000
265,1990,16110000
265,1991,16110000
265,1992,16110000
265,1993,16110000
265,1994,16110000
265,1995,16110000
265,1996,16110000
265,1997,16110000
265,1998,16110000
265,1999,16110000
265,2000,16110000
265,2001,16110000
265,2002,16110000
265,2003,16110000
265,2004,16110000
265,2005,16110000
265,2006,16110000
265,2007,16110000
265,2008,16110000
265,2009,16110000
265,2010,16110000
265,2011,16110000
265,2012,16110000
265,2013,16110000
265,2014,16110000
265,2015,16110000
265,2016,16110000
265,2017,16110000
265,2018,16110000
265,2019,16110000
265,2020,16110000
265,2021,16110000
265,2022,16110000
265,2023,16110000
265,2024,16110000
265,2025,16110000
290,1946,26170895
290,1947,25678120
290,1948,25194625
290,1949,24897453
290,1950,24780169
290,1951,25222692
290,1952,25672466
290,1953,26126457
290,1954,26590478
290,1955,27063640
290,1956,27535570
290,1957,28076495
290,1958,28643644
290,1959,29132534
290,1960,29575967
290,1961,29979692
290,1962,30338094
290,1963,30674024
290,1964,30993140
290,1965,31288338
290,1966,31568281
290,1967,31828626
290,1968,32078388
290,1969,32322778
290,1970,32542639
290,1971,32771298
290,1972,33041993
290,1973,33333275
290,1974,33642463
290,1975,33964400
290,1976,34296611
290,1977,34628513
290,1978,34934216
290,1979,35248382
290,1980,35576518
290,1981,35900913
290,1982,36233465
290,1983,36573700
290,1984,36905795
290,1985,37200850
290,1986,37452612
290,1987,37665710
290,1988,37817863
290,1989,37938086
290,1990,38055448
290,1991,38152947
290,1992,38233636
290,1993,38294882
290,1994,38344312
290,1995,38364668
290,1996,38359164
290,1997,38348307
290,1998,38326431
290,1999,38287717
290,2000,38258077
290,2001,38247359
290,2002,38229407
290,2003,38203527
290,2004,38167568
290,2005,38124377
290,2006,38071169
290,2007,38020420
290,2008,37995902
290,2009,38002153
290,2010,38095356
290,2011,38208644
290,2012,38247867
290,2013,38259267
290,2014,38265113
290,2015,38266314
290,2016,38263260
290,2017,38254964
290,2018,38241070
290,2019,38225884
290,2020,38171005
290,2021,38040303
290,2022,38385734
290,2023,38762847
290,2024,38762847
290,2025,38762847
305,1946,6850744
305,1947,6873899
305,1948,6897132
305,1949,6917983
305,1950,6936455
305,1951,6930487
305,1952,6927254
305,1953,6932083
305,1954,6939893
305,1955,6946659
305,1956,6952266
305,1957,6965838
305,1958,6987345
305,1959,7014270
305,1960,7047274
305,1961,7086060
305,1962,7129581
305,1963,7175502
305,1964,7223392
305,1965,7270413
305,1966,7321524
305,1967,7376293
305,1968,7414627
305,1969,7440306
305,1970,7466320
305,1971,7499635
305,1972,7543263
305,1973,7585107
305,1974,7597963
305,1975,7577833
305,1976,7564457
305,1977,7567332
305,1978,7561203
305,1979,7548345
305,1980,7548407
305,1981,7567550
305,1982,7573078
305,1983,7561166
305,1984,7560715
305,1985,7564310
305,1986,7569397
305,1987,7574314
305,1988,7585346
305,1989,7620405
305,1990,7679627
305,1991,7757140
305,1992,7842715
305,1993,7907492
305,1994,7938157
305,1995,7950322
305,1996,7960917
305,1997,7969804
305,1998,7978465
305,1999,7993894
305,2000,8012929
305,2001,8042233
305,2002,8081640
305,2003,8122604
305,2004,8173496
305,2005,8229204
305,2006,8269901
305,2007,8296948
305,2008,8323250
305,2009,8345073
305,2010,8365087
305,2011,8393272
305,2012,8431599
305,2013,8481411
305,2014,8547812
305,2015,8644037
305,2016,8737920
305,2017,8798779
305,2018,8841653
305,2019,8880876
305,2020,8921402
305,2021,8967053
305,2022,9064678
305,2023,9130434
305,2024,9130434
305,2025,9130434
310,1946,9282895
310,1947,9287980
310,1948,9293068
310,1949,9309618
310,1950,9337883
310,1951,9423178
310,1952,9503933
310,1953,9594481
310,1954,9704596
310,1955,9823216
310,1956,9853996
310,1957,9837926
310,1958,9880680
310,1959,9936845
310,1960,9983383
310,1961,10026515
310,1962,10058067
310,1963,10083843
310,1964,10114375
310,1965,10141118
310,1966,10170409
310,1967,10206812
310,1968,10244548
310,1969,10281595
310,1970,10315142
310,1971,10343972
310,1972,10374303
310,1973,10407441
310,1974,10453918
310,1975,10515654
310,1976,10573770
310,1977,10623145
310,1978,10660190
310,1979,10688259
310,1980,10695372
310,1981,10679329
310,1982,10656109
310,1983,10622989
310,1984,10584329
310,1985,10547258
310,1986,10511099
310,1987,10475103
310,1988,10440534
310,1989,10403421
310,1990,10381280
310,1991,10378174
310,1992,10371477
310,1993,10356869
310,1994,10339936
310,1995,10322792
310,1996,10302238
310,1997,10278600
310,1998,10251717
310,1999,10219797
310,2000,10190598
310,2001,10166693
310,2002,10138461
310,2003,10108970
310,2004,10085788
310,2005,10065703
310,2006,10049946
310,2007,10034084
310,2008,10016653
310,2009,10001381
310,2010,9979128
310,2011,9946675
310,2012,9916621
310,2013,9889344
310,2014,9862843
310,2015,9839211
310,2016,9810529
310,2017,9785608
310,2018,9774395
310,2019,9770346
310,2020,9749459
310,2021,9707848
310,2022,9684308
310,2023,9686465
310,2024,9686465
310,2025,9686465
315,1946,12920000
315,1947,12160000
315,1948,12340000
315,1949,12340000
315,1950,12390000
315,1951,12530000
315,1952,12680000
315,1953,12820000
315,1954,12950000
315,1955,13090000
315,1956,13230000
315,1957,13360000
315,1958,13470000
315,1959,13560000
315,1960,13650000
315,1961,13780000
315,1962,13860000
315,1963,13950000
315,1964,14050000
315,1965,14150000
315,1966,14220000
315,1967,14280000
315,1968,14320000
315,1969,14280000
315,1970,14320000
315,1971,14380000
315,1972,14460000
315,1973,14550000
315,1974,14660000
315,1975,14770000
315,1976,14880000
315,1977,14990000
315,1978,15090000
315,1979,15180000
315,1980,15250000
315,1981,15310000
315,1982,15350000
315,1983,15390000
315,1984,15420000
315,1985,15450000
315,1986,15480000
315,1987,15510000
315,1988,15540000
315,1989,15560000
315,1990,15570000
315,1991,15590000
315,1992,15620000
315,1993,15650000
315,1994,15650000
315,1995,15650000
315,1996,15650000
315,1997,15650000
315,1998,15650000
315,1999,15650000
315,2000,15650000
315,2001,15650000
315,2002,15650000
315,2003,15650000
315,2004,15650000
315,2005,15650000
315,2006,15650000
315,2007,15650000
315,2008,15650000
315,2009,15650000
315,2010,15650000
315,2011,15650000
315,2012,15650000
315,2013,15650000
315,2014,15650000
315,2015,15650000
315,2016,15650000
315,2017,15650000
315,2018,15650000
315,2019,15650000
315,2020,15650000
315,2021,15650000
315,2022,15650000
315,2023,15650000
315,2024,15650000
315,2025,15650000
316,1946,9523000
316,1947,8765000
316,1948,8828360
316,1949,8868627
316,1950,8916715
316,1951,8997247
316,1952,9077207
316,1953,9152603
316,1954,9221188
316,1955,9289429
316,1956,9358023
316,1957,9418969
316,1958,9469710
316,1959,9508387
316,1960,9541605
316,1961,9573386
316,1962,9597463
316,1963,9627331
316,1964,9668745
316,1965,9706844
316,1966,9736244
316,1967,9758984
316,1968,9775112
316,1969,9787790
316,1970,9801253
316,1971,9822783
316,1972,9858071
316,1973,9906214
316,1974,9965950
316,1975,10030787
316,1976,10092941
316,1977,10149369
316,1978,10200753
316,1979,10246154
316,1980,10275404
316,1981,10289518
316,1982,10299006
316,1983,10302947
316,1984,10303816
316,1985,10305141
316,1986,10304374
316,1987,10303422
316,1988,10305448
316,1989,10305609
316,1990,10301989
316,1991,10304420
316,1992,10312449
316,1993,10320404
316,1994,10322332
316,1995,10312041
316,1996,10296140
316,1997,10280049
316,1998,10265430
316,1999,10251385
316,2000,10236809
316,2001,10231942
316,2002,10239474
316,2003,10248907
316,2004,10261453
316,2005,10280155
316,2006,10304592
316,2007,10337539
316,2008,10378298
316,2009,10420985
316,2010,10464035
316,2011,10495508
316,2012,10507339
316,2013,10511164
316,2014,10517223
316,2015,10524418
316,2016,10531946
316,2017,10541343
316,2018,10548934
316,2019,10554872
316,2020,10550129
316,2021,10530683
316,2022,10673216
316,2023,10809722
316,2024,10809722
316,2025,10809722
317,1946,3392869
317,1947,3405450
317,1948,3418077
317,1949,3438089
317,1950,3465750
317,1951,3525383
317,1952,3591860
317,1953,3660079
317,1954,3728027
317,1955,3797354
317,1956,3868268
317,1957,3936840
317,1958,4002698
317,1959,4064674
317,1960,4124444
317,1961,4185347
317,1962,4235796
317,1963,4278467
317,1964,4323293
317,1965,4365055
317,1966,4402206
317,1967,4436106
317,1968,4466440
317,1969,4495039
317,1970,4525876
317,1971,4560415
317,1972,4599802
317,1973,4643683
317,1974,4690647
317,1975,4739175
317,1976,4788513
317,1977,4837710
317,1978,4885733
317,1979,4933451
317,1980,4976659
317,1981,5014960
317,1982,5051811
317,1983,5086443
317,1984,5119394
317,1985,5151164
317,1986,5180090
317,1987,5205882
317,1988,5229678
317,1989,5249932
317,1990,5266077
317,1991,5284876
317,1992,5306445
317,1993,5326363
317,1994,5343230
317,1995,5354287
317,1996,5362430
317,1997,5369781
317,1998,5374801
317,1999,5378105
317,2000,5380001
317,2001,5379439
317,2002,5377685
317,2003,5376197
317,2004,5376038
317,2005,5376697
317,2006,5376847
317,2007,5376993
317,2008,5379127
317,2009,5385074
317,2010,5391857
317,2011,5398105
317,2012,5404877
317,2013,5410422
317,2014,5415238
317,2015,5420278
317,2016,5427262
317,2017,5435702
317,2018,5443229
317,2019,5450627
317,2020,5455028
317,2021,5442766
317,2022,5473195
317,2023,5518057
317,2024,5518057
317,2025,5518057
325,1946,45274723
325,1947,45549326
325,1948,45825595
325,1949,46106450
325,1950,46391674
325,1951,46751901
325,1952,47018177
325,1953,47410885
325,1954,47832233
325,1955,48130817
325,1956,48401948
325,1957,48657025
325,1958,48927096
325,1959,49219450
325,1960,49514555
325,1961,49815254
325,1962,50170591
325,1963,50570978
325,1964,51019579
325,1965,51480733
325,1966,51919068
325,1967,52338335
325,1968,52712156
325,1969,53060141
325,1970,53390231
325,1971,53707794
325,1972,54067562
325,1973,54450571
325,1974,54821114
325,1975,55166046
325,1976,55459415
325,1977,55714552
325,1978,55938969
325,1979,56132382
325,1980,56412086
325,1981,56646752
325,1982,56719178
325,1983,56766114
325,1984,56810355
325,1985,56855499
325,1986,56875982
325,1987,56891919
325,1988,56928748
325,1989,56976750
325,1990,57031457
325,1991,57075394
325,1992,57124993
325,1993,57170762
325,1994,57420136
325,1995,57403342
325,1996,57162098
325,1997,57189272
325,1998,57215190
325,1999,57240796
325,2000,57272200
325,2001,57305760
325,2002,57420636
325,2003,57739697
325,2004,58176736
325,2005,58519696
325,2006,58754434
325,2007,59108723
325,2008,59561687
325,2009,59904016
325,2010,60164212
325,2011,60367882
325,2012,60531522
325,2013,60653864
325,2014,60664169
325,2015,60575314
325,2016,60478103
325,2017,60390317
325,2018,60277496
325,2019,60130136
325,2020,59912763
325,2021,59729353
325,2022,59619106
325,2023,59499452
325,2024,59499452
325,2025,59499452
331,1946,13538
331,1947,13323
331,1948,13111
331,1949,12991
331,1950,12970
331,1951,13145
331,1952,13300
331,1953,13457
331,1954,13630
331,1955,13816
331,1956,14074
331,1957,14410
331,1958,14746
331,1959,15094
331,1960,15449
331,1961,15824
331,1962,16201
331,1963,16606
331,1964,16998
331,1965,17328
331,1966,17549
331,1967,17713
331,1968,17886
331,1969,18051
331,1970,18194
331,1971,18444
331,1972,18811
331,1973,19019
331,1974,19052
331,1975,19075
331,1976,19138
331,1977,20039
331,1978,21050
331,1979,21346
331,1980,21609
331,1981,21869
331,1982,22078
331,1983,22255
331,1984,22372
331,1985,22509
331,1986,22663
331,1987,22710
331,1988,22865
331,1989,23175
331,1990,23501
331,1991,23823
331,1992,24149
331,1993,24499
331,1994,24853
331,1995,25183
331,1996,25503
331,1997,25821
331,1998,26149
331,1999,26485
331,2000,26823
331,2001,27173
331,2002,27515
331,2003,27871
331,2004,28230
331,2005,28600
331,2006,28966
331,2007,29334
331,2008,29721
331,2009,30115
331,2010,30648
331,2011,32194
331,2012,33494
331,2013,33641
331,2014,33753
331,2015,33927
331,2016,34188
331,2017,34405
331,2018,34557
331,2019,34674
331,2020,34796
331,2021,34599
331,2022,34113
331,2023,33761
331,2024,33761
331,2025,33761
338,1946,277050
338,1947,281082
338,1948,285173
338,1949,288773
338,1950,294685
338,1951,300461
338,1952,304913
338,1953,309348
338,1954,313752
338,1955,318149
338,1956,322464
338,1957,326702
338,1958,329414
338,1959,330361
338,1960,330832
338,1961,330855
338,1962,330499
338,1963,329815
338,1964,328794
338,1965,327407
338,1966,325677
338,1967,323820
338,1968,323515
338,1969,324762
338,1970,326017
338,1971,327300
338,1972,328617
338,1973,330059
338,1974,331686
338,1975,333458
338,1976,335291
338,1977,337169
338,1978,339069
338,1979,340974
338,1980,342882
338,1981,344754
338,1982,346653
338,1983,348598
338,1984,350555
338,1985,352567
338,1986,355082
338,1987,358089
338,1988,361226
338,1989,364530
338,1990,367913
338,1991,371335
338,1992,374805
338,1993,378222
338,1994,381467
338,1995,384559
338,1996,387627
338,1997,390687
338,1998,393782
338,1999,396897
338,2000,399905
338,2001,402788
338,2002,405571
338,2003,408236
338,2004,410800
338,2005,413324
338,2006,415463
338,2007,417201
338,2008,418969
338,2009,420800
338,2010,422654
338,2011,424635
338,2012,426616
338,2013,428457
338,2014,434494
338,2015,444978
338,2016,455276
338,2017,467902
338,2018,484560
338,2019,504017
338,2020,518212
338,2021,524383
338,2022,528194
338,2023,532964
338,2024,532964
338,2025,532964
339,1946,1182028
339,1947,1196341
339,1948,1210827
339,1949,1229519
339,1950,1247854
339,1951,1276365
339,1952,1308368
339,1953,1343581
339,1954,1381088
339,1955,1418855
339,1956,1456823
339,1957,1497954
339,1958,1543982
339,1959,1595021
339,1960,1649393
339,1961,1698801
339,1962,1743739
339,1963,1791289
339,1964,1841445
339,1965,1894317
339,1966,1950049
339,1967,2008524
339,1968,2068848
339,1969,2126885
339,1970,2181226
339,1971,2234995
339,1972,2289265
339,1973,2344108
339,1974,2399397
339,1975,2454861
339,1976,2510579
339,1977,2566603
339,1978,2624620
339,1979,2681393
339,1980,2735424
339,1981,2790413
339,1982,2846910
339,1983,2905128
339,1984,2964961
339,1985,3026245
339,1986,3087658
339,1987,3148843
339,1988,3212924
339,1989,3260369
339,1990,3277965
339,1991,3282608
339,1992,3282506
339,1993,3277831
339,1994,3269417
339,1995,3258573
339,1996,3245680
339,1997,3229665
339,1998,3210134
339,1999,3188598
339,2000,3166147
339,2001,3147943
339,2002,3134095
339,2003,3118093
339,2004,3098662
339,2005,3076156
339,2006,3050805
339,2007,3022887
339,2008,2992933
339,2009,2961487
339,2010,2928731
339,2011,2911499
339,2012,2910003
339,2013,2907571
339,2014,2903748
339,2015,2898634
339,2016,2897868
339,2017,2898245
339,2018,2894229
339,2019,2885011
339,2020,2871950
339,2021,2849641
339,2022,2827614
339,2023,2811660
339,2024,2811660
339,2025,2811660
340,1946,5570478
340,1947,5687955
340,1948,5807910
340,1949,5917934
340,1950,6009201
340,1951,6067045
340,1952,6127270
340,1953,6192415
340,1954,6266890
340,1955,6346329
340,1956,6422763
340,1957,6496456
340,1958,6567235
340,1959,6635214
340,1960,6702964
340,1961,6771392
340,1962,6838634
340,1963,6904168
340,1964,6968218
340,1965,7031142
340,1966,7093228
340,1967,7154393
340,1968,7214029
340,1969,7271058
340,1970,7324426
340,1971,7375141
340,1972,7424742
340,1973,7473516
340,1974,7522491
340,1975,7572433
340,1976,7622703
340,1977,7671486
340,1978,7716932
340,1979,7758219
340,1980,7796286
340,1981,7827863
340,1982,7849652
340,1983,7864592
340,1984,7875050
340,1985,7881551
340,1986,7884582
340,1987,7885364
340,1988,7884457
340,1989,7881272
340,1990,7874595
340,1991,7867067
340,1992,7859811
340,1993,7849723
340,1994,7837157
340,1995,7823281
340,1996,7807720
340,1997,7789186
340,1998,7765929
340,1999,7734367
340,2000,7694608
340,2001,7651927
340,2002,7616741
340,2003,7590946
340,2004,7565843
340,2005,7539139
340,2006,7511395
340,2007,7482996
340,2008,7454285
340,2009,7425346
340,2010,7395872
340,2011,7364858
340,2012,7324624
340,2013,7276183
340,2014,7227203
340,2015,7177257
340,2016,7126083
340,2017,7073507
340,2018,7020014
340,2019,6966155
340,2020,6907814
340,2021,6835429
340,2022,6791215
340,2023,6773204
340,2024,6773204
340,2025,6773204
341,1946,407659
341,1947,404960
341,1948,402279
341,1949,401374
341,1950,402519
341,1951,410084
341,1952,418911
341,1953,427489
341,1954,434375
341,1955,440593
341,1956,446695
341,1957,452749
341,1958,458810
341,1959,464906
341,1960,471205
341,1961,477835
341,1962,484443
341,1963,490789
341,1964,496937
341,1965,502895
341,1966,508640
341,1967,514098
341,1968,519311
341,1969,524443
341,1970,529679
341,1971,535112
341,1972,540706
341,1973,546269
341,1974,551745
341,1975,557156
341,1976,562637
341,1977,568095
341,1978,573523
341,1979,579015
341,1980,584831
341,1981,589916
341,1982,593634
341,1983,596960
341,1984,600258
341,1985,603506
341,1986,606803
341,1987,610181
341,1988,613594
341,1989,617048
341,1990,620507
341,1991,623564
341,1992,626030
341,1993,628107
341,1994,629890
341,1995,631386
341,1996,632625
341,1997,633539
341,1998,634099
341,1999,634280
341,2000,634198
341,2001,634001
341,2002,633767
341,2003,633563
341,2004,633756
341,2005,634059
341,2006,633876
341,2007,633388
341,2008,632855
341,2009,632445
341,2010,632088
341,2011,632689
341,2012,633546
341,2013,633199
341,2014,631377
341,2015,628145
341,2016,624246
341,2017,620112
341,2018,615798
341,2019,611671
341,2020,607934
341,2021,603854
341,2022,614649
341,2023,633553
341,2024,633553
341,2025,633553
343,1946,1206717
343,1947,1217340
343,1948,1228058
343,1949,1239418
343,1950,1248682
343,1951,1271039
343,1952,1294538
343,1953,1319470
343,1954,1340010
343,1955,1355680
343,1956,1370923
343,1957,1385258
343,1958,1400121
343,1959,1417080
343,1960,1435060
343,1961,1455175
343,1962,1471743
343,1963,1488745
343,1964,1510902
343,1965,1533471
343,1966,1557355
343,1967,1582503
343,1968,1608933
343,1969,1636356
343,1970,1664214
343,1971,1691224
343,1972,1717400
343,1973,1743825
343,1974,1770550
343,1975,1797972
343,1976,1825833
343,1977,1853147
343,1978,1879854
343,1979,1906524
343,1980,1933043
343,1981,1959071
343,1982,1978962
343,1983,1991902
343,1984,2003400
343,1985,2014334
343,1986,2024729
343,1987,2035161
343,1988,2045739
343,1989,2055650
343,1990,2063690
343,1991,2056002
343,1992,2032516
343,1993,2006853
343,1994,1992669
343,1995,1998531
343,1996,2012553
343,1997,2025764
343,1998,2037575
343,1999,2048088
343,2000,2057254
343,2001,2066300
343,2002,2074482
343,2003,2081417
343,2004,2086581
343,2005,2089809
343,2006,2089232
343,2007,2081972
343,2008,2070837
343,2009,2060601
343,2010,2051510
343,2011,2040445
343,2012,2027288
343,2013,2013280
343,2014,1997842
343,2015,1980366
343,2016,1961268
343,2017,1940877
343,2018,1919730
343,2019,1897643
343,2020,1872021
343,2021,1851109
343,2022,1840236
343,2023,1831800
343,2024,1831800
343,2025,1831800
344,1946,3739968
344,1947,3772893
344,1948,3806109
344,1949,3836721
344,1950,3864992
344,1951,3911673
344,1952,3957409
344,1953,4006128
344,1954,4048121
344,1955,4080737
344,1956,4110129
344,1957,4136705
344,1958,4160698
344,1959,4182085
344,1960,4200272
344,1961,4223431
344,1962,4255020
344,1963,4287267
344,1964,4317755
344,1965,4346708
344,1966,4374307
344,1967,4400271
344,1968,4423830
344,1969,4444451
344,1970,4462673
344,1971,4480165
344,1972,4497888
344,1973,4515760
344,1974,4533946
344,1975,4552725
344,1976,4571754
344,1977,4590620
344,1978,4609021
344,1979,4626955
344,1980,4643900
344,1981,4664258
344,1982,4689152
344,1983,4712882
344,1984,4734489
344,1985,4754549
344,1986,4773054
344,1987,4790208
344,1988,4806029
344,1989,4820729
344,1990,4835067
344,1991,4825159
344,1992,4782235
344,1993,4729734
344,1994,4675517
344,1995,4619362
344,1996,4562290
344,1997,4504627
344,1998,4445669
344,1999,4385823
344,2000,4326105
344,2001,4301079
344,2002,4305783
344,2003,4306683
344,2004,4310050
344,2005,4313946
344,2006,4315802
344,2007,4315959
344,2008,4314635
344,2009,4310537
344,2010,4301150
344,2011,4280827
344,2012,4259233
344,2013,4242403
344,2014,4219485
344,2015,4183732
344,2016,4136438
344,2017,4079198
344,2018,4024868
344,2019,3986338
344,2020,3953956
344,2021,3924607
344,2022,3907031
344,2023,3896023
344,2024,3896023
344,2025,3896023
346,1946,2593971
346,1947,2613501
346,1948,2633178
346,1949,2659586
346,1950,2690407
346,1951,2730245
346,1952,2774688
346,1953,2829229
346,1954,2890205
346,1955,2952172
346,1956,3015555
346,1957,3079942
346,1958,3145429
346,1959,3212369
346,1960,3281387
346,1961,3348038
346,1962,3407536
346,1963,3461941
346,1964,3513443
346,1965,3562844
346,1966,3610570
346,1967,3656227
346,1968,3698804
346,1969,3737769
346,1970,3773248
346,1971,3809388
346,1972,3848278
346,1973,3887374
346,1974,3926471
346,1975,3965749
346,1976,4004560
346,1977,4042136
346,1978,4078246
346,1979,4113302
346,1980,4148427
346,1981,4184220
346,1982,4221104
346,1983,4258736
346,1984,4295538
346,1985,4330362
346,1986,4362114
346,1987,4390248
346,1988,4414409
346,1989,4433985
346,1990,4448658
346,1991,4458350
346,1992,4234620
346,1993,3904484
346,1994,3725412
346,1995,3715565
346,1996,3875246
346,1997,4018228
346,1998,4089357
346,1999,4130312
346,2000,4159785
346,2001,4179446
346,2002,4188006
346,2003,4178523
346,2004,4140990
346,2005,4096493
346,2006,4063269
346,2007,4013420
346,2008,3947545
346,2009,3879798
346,2010,3811480
346,2011,3741799
346,2012,3670109
346,2013,3610857
346,2014,3564831
346,2015,3518541
346,2016,3472997
346,2017,3428684
346,2018,3386999
346,2019,3345532
346,2020,3299352
346,2021,3244912
346,2022,3204802
346,2023,3185072
346,2024,3185072
346,2025,3185072
347,1950,778478
347,1951,794334
347,1952,811028
347,1953,828803
347,1954,847888
347,1955,868050
347,1956,888716
347,1957,910462
347,1958,933647
347,1959,958435
347,1960,984854
347,1961,1011427
347,1962,1036956
347,1963,1062744
347,1964,1090279
347,1965,1120177
347,1966,1152591
347,1967,1187672
347,1968,1214211
347,1969,1231466
347,1970,1249555
347,1971,1273025
347,1972,1301582
347,1973,1331181
347,1974,1363127
347,1975,1397692
347,1976,1434881
347,1977,1474465
347,1978,1516249
347,1979,1559795
347,1980,1604825
347,1981,1646567
347,1982,1683172
347,1983,1719252
347,1984,1756816
347,1985,1796023
347,1986,1836981
347,1987,1880597
347,1988,1917885
347,1989,1946342
347,1990,1973789
347,1991,2005365
347,1992,2039723
347,1993,2072671
347,1994,2105260
347,1995,2137514
347,1996,2168751
347,1997,2197286
347,1998,2078972
347,1999,1871527
347,2000,1802488
347,2001,1820013
347,2002,1829467
347,2003,1826436
347,2004,1822778
347,2005,1818356
347,2006,1813077
347,2007,1807098
347,2008,1800861
347,2009,1794688
347,2010,1788756
347,2011,1791949
347,2012,1806538
347,2013,1817171
347,2014,1808983
347,2015,1779019
347,2016,1761765
347,2017,1768125
347,2018,1767748
347,2019,1755048
347,2020,1751413
347,2021,1741449
347,2022,1717950
347,2023,1700039
347,2024,1700039
347,2025,1700039
349,1946,1397636
349,1947,1409940
349,1948,1422353
349,1949,1434054
349,1950,1446362
349,1951,1462731
349,1952,1479671
349,1953,1497562
349,1954,1515604
349,1955,1532637
349,1956,1548767
349,1957,1564154
349,1958,1578539
349,1959,1592118
349,1960,1605080
349,1961,1618564
349,1962,1633084
349,1963,1647447
349,1964,1661355
349,1965,1675321
349,1966,1689638
349,1967,1703875
349,1968,1716931
349,1969,1728680
349,1970,1739869
349,1971,1752715
349,1972,1768220
349,1973,1784579
349,1974,1801032
349,1975,1817595
349,1976,1834356
349,1977,1851329
349,1978,1868515
349,1979,1885912
349,1980,1903075
349,1981,1914594
349,1982,1917974
349,1983,1923360
349,1984,1932703
349,1985,1941480
349,1986,1964833
349,1987,1988025
349,1988,1993520
349,1989,1995463
349,1990,1998010
349,1991,1999191
349,1992,1995862
349,1993,1990815
349,1994,1988262
349,1995,1988098
349,1996,1986792
349,1997,1984404
349,1998,1980071
349,1999,1981198
349,2000,1986817
349,2001,1989684
349,2002,1991571
349,2003,1992499
349,2004,1993548
349,2005,1996915
349,2006,2003116
349,2007,2014159
349,2008,2025090
349,2009,2035610
349,2010,2044611
349,2011,2048805
349,2012,2053322
349,2013,2056452
349,2014,2058395
349,2015,2059946
349,2016,2061379
349,2017,2062410
349,2018,2069484
349,2019,2083438
349,2020,2102421
349,2021,2113495
349,2022,2115231
349,2023,2118394
349,2024,2118394
349,2025,2118394
350,1946,7525601
350,1947,7554659
350,1948,7583829
350,1949,7621936
350,1950,7651080
350,1951,7712877
350,1952,7775541
350,1953,7841269
350,1954,7910864
350,1955,7984712
350,1956,8060991
350,1957,8136981
350,1958,8214992
350,1959,8297715
350,1960,8384484
350,1961,8447008
350,1962,8473374
350,1963,8488371
350,1964,8504000
350,1965,8521368
350,1966,8579991
350,1967,8655153
350,1968,8717916
350,1969,8747069
350,1970,8747778
350,1971,8787031
350,1972,8849379
350,1973,8893404
350,1974,8929111
350,1975,9016969
350,1976,9160211
350,1977,9282025
350,1978,9389966
350,1979,9526008
350,1980,9653419
350,1981,9754398
350,1982,9837470
350,1983,9911493
350,1984,9978779
350,1985,10037038
350,1986,10088766
350,1987,10134533
350,1988,10177007
350,1989,10218041
350,1990,10258494
350,1991,10306645
350,1992,10359895
350,1993,10412752
350,1994,10466266
350,1995,10519233
350,1996,10570083
350,1997,10622327
350,1998,10675411
350,1999,10727953
350,2000,10782638
350,2001,10843166
350,2002,10890287
350,2003,10918467
350,2004,10947369
350,2005,10981340
350,2006,11016107
350,2007,11045737
350,2008,11076874
350,2009,11108067
350,2010,11124666
350,2011,11108838
350,2012,11048291
350,2013,10967534
350,2014,10893169
350,2015,10820902
350,2016,10775506
350,2017,10753532
350,2018,10730846
350,2019,10718581
350,2020,10699370
350,2021,10579561
350,2022,10412481
350,2023,10242910
350,2024,10242910
350,2025,10242910
352,1946,474265
352,1947,478710
352,1948,483197
352,1949,488274
352,1950,493883
352,1951,501062
352,1952,508693
352,1953,516733
352,1954,525118
352,1955,533874
352,1956,543081
352,1957,552831
352,1958,563291
352,1959,574569
352,1960,586493
352,1961,595522
352,1962,601471
352,1963,607254
352,1964,612531
352,1965,617743
352,1966,623394
352,1967,629255
352,1968,635164
352,1969,641196
352,1970,647443
352,1971,654058
352,1972,661067
352,1973,665946
352,1974,663265
352,1975,659408
352,1976,662045
352,1977,667104
352,1978,672259
352,1979,677552
352,1980,683082
352,1981,688895
352,1982,696503
352,1983,707224
352,1984,719345
352,1985,731290
352,1986,743116
352,1987,754796
352,1988,766238
352,1989,777429
352,1990,788355
352,1991,798950
352,1992,810344
352,1993,826042
352,1994,844669
352,1995,862698
352,1996,880295
352,1997,897574
352,1998,914552
352,1999,931235
352,2000,947667
352,2001,964129
352,2002,981443
352,2003,999600
352,2004,1017875
352,2005,1036156
352,2006,1054424
352,2007,1072727
352,2008,1091029
352,2009,1109377
352,2010,1127826
352,2011,1146493
352,2012,1165403
352,2013,1183899
352,2014,1201806
352,2015,1219504
352,2016,1237114
352,2017,1254274
352,2018,1270743
352,2019,1286669
352,2020,1302250
352,2021,1317311
352,2022,1331376
352,2023,1344981
352,2024,1344981
352,2025,1344981
355,1946,6922000
355,1947,6980425
355,1948,7039343
355,1949,7098413
355,1950,7248509
355,1951,7314426
355,1952,7361958
355,1953,7415922
355,1954,7476266
355,1955,7533657
355,1956,7587165
355,1957,7649543
355,1958,7724893
355,1959,7794176
355,1960,7862935
355,1961,7938308
355,1962,8008328
355,1963,8073731
355,1964,8140074
355,1965,8202417
355,1966,8258787
355,1967,8311127
355,1968,8370645
355,1969,8435273
355,1970,8490822
355,1971,8538900
355,1972,8579912
355,1973,8624799
355,1974,8682750
355,1975,8723145
355,1976,8759433
355,1977,8804690
355,1978,8813742
355,1979,8824994
355,1980,8859539
355,1981,8887803
355,1982,8912738
355,1983,8933328
355,1984,8952608
355,1985,8958855
355,1986,8963473
355,1987,8976206
355,1988,8985721
355,1989,8936386
355,1990,8822366
355,1991,8695798
355,1992,8559091
355,1993,8466533
355,1994,8416924
355,1995,8357576
355,1996,8291402
355,1997,8217101
355,1998,8138193
355,1999,8067464
355,2000,8000519
355,2001,7928455
355,2002,7861949
355,2003,7804405
355,2004,7749430
355,2005,7695047
355,2006,7640292
355,2007,7586896
355,2008,7535589
355,2009,7488016
355,2010,7437594
355,2011,7380023
355,2012,7317020
355,2013,7264605
355,2014,7223450
355,2015,7177515
355,2016,7127436
355,2017,7075642
355,2018,7024745
355,2019,6975466
355,2020,6933656
355,2021,6877222
355,2022,6825862
355,2023,6795805
355,2024,6795805
355,2025,6795805
359,1946,2263151
359,1947,2283919
359,1948,2304877
359,1949,2333587
359,1950,2528365
359,1951,2572743
359,1952,2619786
359,1953,2669507
359,1954,2721545
359,1955,2775562
359,1956,2831241
359,1957,2887999
359,1958,2944565
359,1959,3007366
359,1960,3076172
359,1961,3143892
359,1962,3209509
359,1963,3271788
359,1964,3330242
359,1965,3385972
359,1966,3440667
359,1967,3494203
359,1968,3547087
359,1969,3599995
359,1970,3643522
359,1971,3677928
359,1972,3713997
359,1973,3752617
359,1974,3793852
359,1975,3836949
359,1976,3881031
359,1977,3925587
359,1978,3970300
359,1979,4010389
359,1980,4048713
359,1981,4089537
359,1982,4130066
359,1983,4172081
359,1984,4215890
359,1985,4261133
359,1986,4309371
359,1987,4359065
359,1988,4407777
359,1989,4439386
359,1990,4451150
359,1991,4456609
359,1992,4455714
359,1993,4448241
359,1994,4434457
359,1995,4414216
359,1996,4387653
359,1997,4355537
359,1998,4318713
359,1999,4278220
359,2000,4234969
359,2001,4189769
359,2002,4142937
359,2003,4095418
359,2004,4046672
359,2005,3988668
359,2006,3921320
359,2007,3851397
359,2008,3779503
359,2009,3706212
359,2010,3631990
359,2011,3557278
359,2012,3482629
359,2013,3408741
359,2014,3342715
359,2015,3287168
359,2016,3237798
359,2017,3193500
359,2018,3153779
359,2019,3112561
359,2020,3069135
359,2021,3023780
359,2022,3039986
359,2023,3067072
359,2024,3067072
359,2025,3067072
360,1946,16135634
360,1947,16176154
360,1948,16216775
360,1949,16288894
360,1950,16397275
360,1951,16625608
360,1952,16846051
360,1953,17057702
360,1954,17266659
360,1955,17475271
360,1956,17691497
360,1957,17887291
360,1958,18046126
360,1959,18187698
360,1960,18313498
360,1961,18422521
360,1962,18511674
360,1963,18587433
360,1964,18655407
360,1965,18713060
360,1966,18776261
360,1967,18998561
360,1968,19361050
360,1969,19701809
360,1970,20011626
360,1971,20293487
360,1972,20555577
360,1973,20798323
360,1974,21033562
360,1975,21268070
360,1976,21497684
360,1977,21700176
360,1978,21868064
360,1979,22019627
360,1980,22154776
360,1981,22272788
360,1982,22374447
360,1983,22459213
360,1984,22534002
360,1985,22605815
360,1986,22674739
360,1987,22745589
360,1988,22815435
360,1989,22887645
360,1990,22939530
360,1991,22947416
360,1992,22912389
360,1993,22842257
360,1994,22756247
360,1995,22657722
360,1996,22541915
360,1997,22411511
360,1998,22284901
360,1999,22166156
360,2000,22046264
360,2001,21919916
360,2002,21770020
360,2003,21593448
360,2004,21403215
360,2005,21213395
360,2006,21035732
360,2007,20870714
360,2008,20718745
360,2009,20576922
360,2010,20432575
360,2011,20282009
360,2012,20158451
360,2013,20062913
360,2014,19968179
360,2015,19871018
360,2016,19777049
360,2017,19689405
360,2018,19597874
360,2019,19501542
360,2020,19392467
360,2021,19248159
360,2022,19166776
360,2023,19118482
360,2024,19118482
360,2025,19118482
365,1946,98685527
365,1947,99596857
365,1948,100516604
365,1949,101444845
365,1950,103392364
365,1951,104844658
365,1952,106326385
365,1953,107851682
365,1954,109463245
365,1955,111160996
365,1956,112909102
365,1957,114730333
365,1958,116588767
365,1959,118293890
365,1960,119934143
365,1961,121604308
365,1962,123111721
365,1963,124449754
365,1964,125630156
365,1965,126634210
365,1966,127533630
365,1967,128342646
365,1968,129065046
365,1969,129762191
365,1970,130367188
365,1971,130987110
365,1972,131726417
365,1973,132475155
365,1974,133259155
365,1975,134136098
365,1976,135080691
365,1977,136040974
365,1978,136979085
365,1979,137816542
365,1980,138572628
365,1981,139351496
365,1982,140247745
365,1983,141331277
365,1984,142464238
365,1985,143569386
365,1986,144807816
365,1987,146147383
365,1988,147364493
365,1989,148281862
365,1990,148979537
365,1991,149448433
365,1992,148915993
365,1993,148135419
365,1994,148200734
365,1995,148291406
365,1996,148084580
365,1997,147853769
365,1998,147635543
365,1999,147241973
365,2000,146717784
365,2001,146117290
365,2002,145939502
365,2003,145794230
365,2004,145180091
365,2005,144597886
365,2006,144102948
365,2007,143859767
365,2008,143811837
365,2009,143869128
365,2010,143934468
365,2011,144043751
365,2012,144291025
365,2013,144604105
365,2014,144925639
365,2015,145307612
365,2016,145778668
365,2017,146186798
365,2018,146430146
365,2019,146533063
365,2020,146371295
365,2021,145836172
365,2022,145579889
365,2023,145440502
365,2024,145440502
365,2025,145440502
366,1946,1104375
366,1947,1101750
366,1948,1099131
366,1949,1099233
366,1950,1102046
366,1951,1116196
366,1952,1129878
366,1953,1142644
366,1954,1154811
366,1955,1166878
366,1956,1178166
366,1957,1188785
366,1958,1200410
366,1959,1209942
366,1960,1220464
366,1961,1235168
366,1962,1249633
366,1963,1263754
366,1964,1278341
366,1965,1292807
366,1966,1306445
366,1967,1320059
366,1968,1334308
366,1969,1348696
366,1970,1361872
366,1971,1374523
366,1972,1387217
366,1973,1399344
366,1974,1411552
366,1975,1423506
366,1976,1434868
366,1977,1446571
366,1978,1458228
366,1979,1468020
366,1980,1476465
366,1981,1485343
366,1982,1494911
366,1983,1505247
366,1984,1515613
366,1985,1525281
366,1986,1535594
366,1987,1547258
366,1988,1559101
366,1989,1567590
366,1990,1570309
366,1991,1565380
366,1992,1540214
366,1993,1504344
366,1994,1475716
366,1995,1452774
366,1996,1434655
366,1997,1421494
366,1998,1411206
366,1999,1403578
366,2000,1397001
366,2001,1388174
366,2002,1379438
366,2003,1370849
366,2004,1362682
366,2005,1354847
366,2006,1346885
366,2007,1340709
366,2008,1337078
366,2009,1334528
366,2010,1331450
366,2011,1327366
366,2012,1322615
366,2013,1317920
366,2014,1314457
366,2015,1314580
366,2016,1315850
366,2017,1317430
366,2018,1321972
366,2019,1326822
366,2020,1329675
366,2021,1331750
366,2022,1350093
366,2023,1367195
366,2024,1367195
366,2025,1367195
367,1946,1917186
367,1947,1915756
367,1948,1914327
367,1949,1916573
367,1950,1918725
367,1951,1933918
367,1952,1949540
367,1953,1965203
367,1954,1982039
367,1955,2000467
367,1956,2019509
367,1957,2040121
367,1958,2063294
367,1959,2096983
367,1960,2131169
367,1961,2157173
367,1962,2182287
367,1963,2205804
367,1964,2229753
367,1965,2252769
367,1966,2274356
367,1967,2296080
367,1968,2317286
367,1969,2337663
367,1970,2357559
367,1971,2377075
367,1972,2395871
367,1973,2415773
367,1974,2436994
367,1975,2455780
367,1976,2470541
367,1977,2484605
367,1978,2497364
367,1979,2505526
367,1980,2511756
367,1981,2519972
367,1982,2532020
367,1983,2546976
367,1984,2562773
367,1985,2579237
367,1986,2599784
367,1987,2625969
367,1988,2652250
367,1989,2664839
367,1990,2660131
367,1991,2648933
367,1992,2614833
367,1993,2563820
367,1994,2521238
367,1995,2485948
367,1996,2457907
367,1997,2433229
367,1998,2410217
367,1999,2390822
367,2000,2368320
367,2001,2338299
367,2002,2311358
367,2003,2288983
367,2004,2264179
367,2005,2239787
367,2006,2219039
367,2007,2200774
367,2008,2177710
367,2009,2142044
367,2010,2097834
367,2011,2059940
367,2012,2034639
367,2013,2013004
367,2014,1994153
367,2015,1977874
367,2016,1959863
367,2017,1942599
367,2018,1927586
367,2019,1914267
367,2020,1901119
367,2021,1885593
367,2022,1881059
367,2023,1882399
367,2024,1882399
367,2025,1882399
368,1946,2514177
368,1947,2525394
368,1948,2536661
368,1949,2549788
368,1950,2433000
368,1951,2458823
368,1952,2486412
368,1953,2515121
368,1954,2544711
368,1955,2575311
368,1956,2607334
368,1957,2641760
368,1958,2678931
368,1959,2722678
368,1960,2769099
368,1961,2812604
368,1962,2853290
368,1963,2891080
368,1964,2928858
368,1965,2965259
368,1966,3000360
368,1967,3035382
368,1968,3070263
368,1969,3103424
368,1970,3135874
368,1971,3170711
368,1972,3204904
368,1973,3236223
368,1974,3266366
368,1975,3295734
368,1976,3324568
368,1977,3353250
368,1978,3380072
368,1979,3404743
368,1980,3428417
368,1981,3452313
368,1982,3477581
368,1983,3505434
368,1984,3534123
368,1985,3562393
368,1986,3593782
368,1987,3627368
368,1988,3672653
368,1989,3696107
368,1990,3695016
368,1991,3701408
368,1992,3697552
368,1993,3680201
368,1994,3654893
368,1995,3627038
368,1996,3599721
368,1997,3573418
368,1998,3547768
368,1999,3522905
368,2000,3500410
368,2001,3473008
368,2002,3444051
368,2003,3415276
368,2004,3376703
368,2005,3322264
368,2006,3269809
368,2007,3231378
368,2008,3198482
368,2009,3163255
368,2010,3097721
368,2011,3028642
368,2012,2988334
368,2013,2958359
368,2014,2933171
368,2015,2905771
368,2016,2869109
368,2017,2829317
368,2018,2802485
368,2019,2795057
368,2020,2795766
368,2021,2794490
368,2022,2816923
368,2023,2854104
368,2024,2854104
368,2025,2854104
369,1946,35840148
369,1947,36169039
369,1948,36500948
369,1949,36878582
369,1950,37310888
369,1951,37807755
369,1952,38306714
369,1953,38806088
369,1954,39320025
369,1955,39859717
369,1956,40419148
369,1957,40998772
369,1958,41627069
369,1959,42244271
369,1960,42824099
369,1961,43399769
369,1962,43943675
369,1963,44462370
369,1964,44951157
369,1965,45386896
369,1966,45802523
369,1967,46215989
369,1968,46614333
369,1969,46976251
369,1970,47261309
369,1971,47573291
369,1972,47946893
369,1973,48277120
369,1974,48576573
369,1975,48865230
369,1976,49120842
369,1977,49336485
369,1978,49521243
369,1979,49721384
369,1980,49955147
369,1981,50189280
369,1982,50402724
369,1983,50637026
369,1984,50887600
369,1985,51108771
369,1986,51318738
369,1987,51515727
369,1988,51724854
369,1989,51917825
369,1990,52054096
369,1991,52170967
369,1992,52323675
369,1993,52350122
369,1994,52076000
369,1995,51665535
369,1996,51226111
369,1997,50786881
369,1998,50379728
369,1999,49976445
369,2000,49556654
369,2001,49106854
369,2002,48677280
369,2003,48315133
369,2004,47979502
369,2005,47585558
369,2006,47278691
369,2007,47062802
369,2008,46819168
369,2009,46623731
369,2010,46455997
369,2011,46307854
369,2012,46210051
369,2013,46126760
369,2014,45972379
369,2015,45784904
369,2016,45616831
369,2017,45436037
369,2018,45208903
369,2019,44957451
369,2020,44680008
369,2021,44298642
369,2022,41048768
369,2023,37732833
369,2024,37732833
369,2025,37732833
370,1946,7639511
370,1947,7709616
370,1948,7780364
370,1949,7846138
370,1950,7127595
370,1951,7189431
370,1952,7264611
370,1953,7350643
370,1954,7448883
370,1955,7560678
370,1956,7682876
370,1957,7811337
370,1958,7944094
370,1959,8081319
370,1960,8208003
370,1961,8320428
370,1962,8424480
370,1963,8517706
370,1964,8602840
370,1965,8679938
370,1966,8752970
370,1967,8823252
370,1968,8891333
370,1969,8954603
370,1970,9014901
370,1971,9079747
370,1972,9144638
370,1973,9205707
370,1974,9265673
370,1975,9324290
370,1976,9380093
370,1977,9434946
370,1978,9485806
370,1979,9537697
370,1980,9603173
370,1981,9678048
370,1982,9748285
370,1983,9815555
370,1984,9881698
370,1985,9944184
370,1986,10004289
370,1987,10057608
370,1988,10107636
370,1989,10158779
370,1990,10186258
370,1991,10193889
370,1992,10217561
370,1993,10241320
370,1994,10230193
370,1995,10197466
370,1996,10164025
370,1997,10122365
370,1998,10080579
370,1999,10039221
370,2000,9991310
370,2001,9938068
370,2002,9873451
370,2003,9803175
370,2004,9735089
370,2005,9667833
370,2006,9608041
370,2007,9563135
370,2008,9529357
370,2009,9507334
370,2010,9490752
370,2011,9472738
370,2012,9463075
370,2013,9464454
370,2014,9472704
370,2015,9487289
370,2016,9499066
370,2017,9495793
370,2018,9480031
370,2019,9435415
370,2020,9350943
370,2021,9251368
370,2022,9173240
370,2023,9115679
370,2024,9115679
370,2025,9115679
371,1946,1316544
371,1947,1328625
371,1948,1340817
371,1949,1359533
371,1950,1382896
371,1951,1417286
371,1952,1454108
371,1953,1493580
371,1954,1535981
371,1955,1581511
371,1956,1630823
371,1957,1684147
371,1958,1740888
371,1959,1801014
371,1960,1863710
371,1961,1927488
371,1962,1991686
371,1963,2056024
371,1964,2120135
371,1965,2183635
371,1966,2246162
371,1967,2307497
371,1968,2367326
371,1969,2424034
371,1970,2475628
371,1971,2525348
371,1972,2577081
371,1973,2630860
371,1974,2686442
371,1975,2743665
371,1976,2818168
371,1977,2912833
371,1978,3012808
371,1979,3078505
371,1980,3107418
371,1981,3135354
371,1982,3163145
371,1983,3191549
371,1984,3224549
371,1985,3260438
371,1986,3294857
371,1987,3328525
371,1988,3355123
371,1989,3443095
371,1990,3552130
371,1991,3613978
371,1992,3571870
371,1993,3453339
371,1994,3364620
371,1995,3307586
371,1996,3278738
371,1997,3246292
371,1998,3208399
371,1999,3167282
371,2000,3125630
371,2001,3084350
371,2002,3055636
371,2003,3038976
371,2004,3022544
371,2005,3006360
371,2006,2990371
371,2007,2974825
371,2008,2959996
371,2009,2945518
371,2010,2931083
371,2011,2923269
371,2012,2922529
371,2013,2922526
371,2014,2922433
371,2015,2921179
371,2016,2918796
371,2017,2914966
371,2018,2909971
371,2019,2903975
371,2020,2890893
371,2021,2870339
371,2022,2880880
371,2023,2943398
371,2024,2943398
371,2025,2943398
372,1946,3375812
372,1947,3406791
372,1948,3438053
372,1949,3474832
372,1950,3497447
372,1951,3541240
372,1952,3586787
372,1953,3633971
372,1954,3682725
372,1955,3734031
372,1956,3789583
372,1957,3849537
372,1958,3913631
372,1959,3981697
372,1960,4053800
372,1961,4129030
372,1962,4205705
372,1963,4282796
372,1964,4358325
372,1965,4429323
372,1966,4503023
372,1967,4582954
372,1968,4663584
372,1969,4743027
372,1970,4804060
372,1971,4843142
372,1972,4877271
372,1973,4911012
372,1974,4944639
372,1975,4979408
372,1976,5015923
372,1977,5053556
372,1978,5091795
372,1979,5128680
372,1980,5165546
372,1981,5205035
372,1982,5246476
372,1983,5290185
372,1984,5334255
372,1985,5376897
372,1986,5419131
372,1987,5461017
372,1988,5500241
372,1989,5499644
372,1990,5448865
372,1991,5379509
372,1992,5294186
372,1993,5178784
372,1994,5046267
372,1995,4925742
372,1996,4812774
372,1997,4695359
372,1998,4576447
372,1999,4455581
372,2000,4328361
372,2001,4209641
372,2002,4127854
372,2003,4085489
372,2004,4056076
372,2005,4026135
372,2006,3996584
372,2007,3967592
372,2008,3941192
372,2009,3918935
372,2010,3895932
372,2011,3868724
372,2012,3839208
372,2013,3809128
372,2014,3792921
372,2015,3791570
372,2016,3792061
372,2017,3792860
372,2018,3794881
372,2019,3796722
372,2020,3795680
372,2021,3788450
372,2022,3794782
372,2023,3807494
372,2024,3807494
372,2025,3807494
373,1946,3007371
373,1947,3034969
373,1948,3062820
373,1949,3103980
373,1950,3131979
373,1951,3187157
373,1952,3247007
373,1953,3312610
373,1954,3384707
373,1955,3464090
373,1956,3551389
373,1957,3646865
373,1958,3750701
373,1959,3862828
373,1960,3982711
373,1961,4108981
373,1962,4239411
373,1963,4372047
373,1964,4503659
373,1965,4630315
373,1966,4751910
373,1967,4867309
373,1968,4976488
373,1969,5081769
373,1970,5183827
373,1971,5283502
373,1972,5380920
373,1973,5476614
373,1974,5572229
373,1975,5669260
373,1976,5791042
373,1977,5937643
373,1978,6075081
373,1979,6187137
373,1980,6284707
373,1981,6385607
373,1982,6491433
373,1983,6602330
373,1984,6706289
373,1985,6799823
373,1986,6891349
373,1987,6977658
373,1988,7081404
373,1989,7167583
373,1990,7231084
373,1991,7314317
373,1992,7405781
373,1993,7504119
373,1994,7608894
373,1995,7719283
373,1996,7830981
373,1997,7936220
373,1998,8025808
373,1999,8100472
373,2000,8174784
373,2001,8251776
373,2002,8326141
373,2003,8400528
373,2004,8489874
373,2005,8597248
373,2006,8711380
373,2007,8828313
373,2008,8942637
373,2009,9046336
373,2010,9146852
373,2011,9256156
373,2012,9376179
373,2013,9504417
373,2014,9631136
373,2015,9752859
373,2016,9868434
373,2017,9968510
373,2018,10039782
373,2019,10110483
373,2020,10181736
373,2021,10234372
373,2022,10295307
373,2023,10318209
373,2024,10318209
373,2025,10318209
375,1946,3876427
375,1947,3907846
375,1948,3939520
375,1949,3972991
375,1950,4008410
375,1951,4047646
375,1952,4090839
375,1953,4139764
375,1954,4187256
375,1955,4235197
375,1956,4281930
375,1957,4324192
375,1958,4359882
375,1959,4394750
375,1960,4429631
375,1961,4460998
375,1962,4491739
375,1963,4523897
375,1964,4549092
375,1965,4564150
375,1966,4581446
375,1967,4606642
375,1968,4627352
375,1969,4624083
375,1970,4606308
375,1971,4612135
375,1972,4639548
375,1973,4665909
375,1974,4690366
375,1975,4711172
375,1976,4725340
375,1977,4738581
375,1978,4752243
375,1979,4764437
375,1980,4779358
375,1981,4799849
375,1982,4826884
375,1983,4855791
375,1984,4881827
375,1985,4902262
375,1986,4918256
375,1987,4932257
375,1988,4946629
375,1989,4964525
375,1990,4986576
375,1991,5013889
375,1992,5042145
375,1993,5066594
375,1994,5088454
375,1995,5107919
375,1996,5124715
375,1997,5139927
375,1998,5153545
375,1999,5165516
375,2000,5176197
375,2001,5187970
375,2002,5200548
375,2003,5212958
375,2004,5228147
375,2005,5246078
375,2006,5266248
375,2007,5288715
375,2008,5313379
375,2009,5338854
375,2010,5363347
375,2011,5388236
375,2012,5413978
375,2013,5439057
375,2014,5461686
375,2015,5479719
375,2016,5495468
375,2017,5508398
375,2018,5515730
375,2019,5521754
375,2020,5529616
375,2021,5541069
375,2022,5569300
375,2023,5601185
375,2024,5601185
375,2025,5601185
380,1946,6757610
380,1947,6824507
380,1948,6892068
380,1949,6955459
380,1950,7016565
380,1951,7072885
380,1952,7124674
380,1953,7171426
380,1954,7213463
380,1955,7262328
380,1956,7315521
380,1957,7366882
380,1958,7414351
380,1959,7453562
380,1960,7484597
380,1961,7519996
380,1962,7561517
380,1963,7604207
380,1964,7661190
380,1965,7733011
380,1966,7805585
380,1967,7866403
380,1968,7912123
380,1969,7968013
380,1970,8042783
380,1971,8098104
380,1972,8122426
380,1973,8137166
380,1974,8160636
380,1975,8192641
380,1976,8222392
380,1977,8251699
380,1978,8275793
380,1979,8293749
380,1980,8310470
380,1981,8320460
380,1982,8325179
380,1983,8328915
380,1984,8336482
380,1985,8350249
380,1986,8369681
380,1987,8397651
380,1988,8436358
380,1989,8492821
380,1990,8558571
380,1991,8616955
380,1992,8667576
380,1993,8718038
380,1994,8780190
380,1995,8826298
380,1996,8840330
380,1997,8845525
380,1998,8850606
380,1999,8857691
380,2000,8872099
380,2001,8896018
380,2002,8925045
380,2003,8958434
380,2004,8993805
380,2005,9029771
380,2006,9080628
380,2007,9148280
380,2008,9219903
380,2009,9298738
380,2010,9378234
380,2011,9449263
380,2012,9519477
380,2013,9600620
380,2014,9696438
380,2015,9799483
380,2016,9923281
380,2017,10057864
380,2018,10175400
380,2019,10279120
380,2020,10353682
380,2021,10416134
380,2022,10487335
380,2023,10551493
380,2024,10551493
380,2025,10551493
385,1946,3160924
385,1947,3190690
385,1948,3220736
385,1949,3250978
385,1950,3265199
385,1951,3295964
385,1952,3327839
385,1953,3361030
385,1954,3394397
385,1955,3428532
385,1956,3461074
385,1957,3491980
385,1958,3523007
385,1959,3552828
385,1960,3581119
385,1961,3609661
385,1962,3638841
385,1963,3666497
385,1964,3694319
385,1965,3723173
385,1966,3752788
385,1967,3784111
385,1968,3816089
385,1969,3847304
385,1970,3875351
385,1971,3902754
385,1972,3932913
385,1973,3960597
385,1974,3985283
385,1975,4007368
385,1976,4026219
385,1977,4043259
385,1978,4058668
385,1979,4072499
385,1980,4085603
385,1981,4099675
385,1982,4114742
385,1983,4128332
385,1984,4139970
385,1985,4152399
385,1986,4167252
385,1987,4186818
385,1988,4209470
385,1989,4226914
385,1990,4241440
385,1991,4261618
385,1992,4286255
385,1993,4311864
385,1994,4336467
385,1995,4358991
385,1996,4381137
385,1997,4404988
385,1998,4431308
385,1999,4461789
385,2000,4490864
385,2001,4513650
385,2002,4538016
385,2003,4564666
385,2004,4591739
385,2005,4623120
385,2006,4660487
385,2007,4709017
385,2008,4768097
385,2009,4828625
385,2010,4889160
385,2011,4952969
385,2012,5018453
385,2013,5080126
385,2014,5137397
385,2015,5189777
385,2016,5235974
385,2017,5276807
385,2018,5311751
385,2019,5347733
385,2020,5379275
385,2021,5408082
385,2022,5456796
385,2023,5519167
385,2024,5519167
385,2025,5519167
390,1946,4096077
390,1947,4140745
390,1948,4185901
390,1949,4228235
390,1950,4268408
390,1951,4300262
390,1952,4332237
390,1953,4369107
390,1954,4406404
390,1955,4438843
390,1956,4466342
390,1957,4489659
390,1958,4516072
390,1959,4548480
390,1960,4579347
390,1961,4611358
390,1962,4647466
390,1963,4684268
390,1964,4721889
390,1965,4758837
390,1966,4797199
390,1967,4835223
390,1968,4864801
390,1969,4891798
390,1970,4928674
390,1971,4963064
390,1972,4991569
390,1973,5021765
390,1974,5045639
390,1975,5060403
390,1976,5072803
390,1977,5088571
390,1978,5104341
390,1979,5116862
390,1980,5123079
390,1981,5121628
390,1982,5117897
390,1983,5114468
390,1984,5111831
390,1985,5113878
390,1986,5120691
390,1987,5127134
390,1988,5129650
390,1989,5132717
390,1990,5141024
390,1991,5154346
390,1992,5171372
390,1993,5188638
390,1994,5206188
390,1995,5233364
390,1996,5263071
390,1997,5285041
390,1998,5304263
390,1999,5321814
390,2000,5339659
390,2001,5358825
390,2002,5375967
390,2003,5390621
390,2004,5404594
390,2005,5419550
390,2006,5437425
390,2007,5461604
390,2008,5493762
390,2009,5523169
390,2010,5547865
390,2011,5570848
390,2012,5591911
390,2013,5615333
390,2014,5643795
390,2015,5683698
390,2016,5728196
390,2017,5765164
390,2018,5793824
390,2019,5814618
390,2020,5831529
390,2021,5856774
390,2022,5902901
390,2023,5948134
390,2024,5948134
390,2025,5948134
395,1946,133118
395,1947,135354
395,1948,137628
395,1949,140059
395,1950,142684
395,1951,145432
395,1952,147778
395,1953,150750
395,1954,154272
395,1955,157751
395,1956,161091
395,1957,164767
395,1958,168490
395,1959,172008
395,1960,175572
395,1961,179014
395,1962,182360
395,1963,185658
395,1964,189043
395,1965,192344
395,1966,195604
395,1967,198796
395,1968,201519
395,1969,203383
395,1970,204489
395,1971,206171
395,1972,209209
395,1973,212385
395,1974,215273
395,1975,218029
395,1976,220196
395,1977,221842
395,1978,223580
395,1979,225765
395,1980,228147
395,1981,230754
395,1982,233852
395,1983,236968
395,1984,239513
395,1985,241414
395,1986,243195
395,1987,245864
395,1988,249734
395,1989,252861
395,1990,254842
395,1991,257817
395,1992,261087
395,1993,263760
395,1994,266063
395,1995,267516
395,1996,268967
395,1997,271194
395,1998,274121
395,1999,277450
395,2000,281293
395,2001,285058
395,2002,287609
395,2003,289616
395,2004,292172
395,2005,296852
395,2006,303883
395,2007,311662
395,2008,317519
395,2009,318619
395,2010,318163
395,2011,319139
395,2012,320851
395,2013,323891
395,2014,327517
395,2015,330962
395,2016,335571
395,2017,343537
395,2018,352860
395,2019,360709
395,2020,366626
395,2021,372647
395,2022,380368
395,2023,387559
395,2024,387559
395,2025,387559
402,1946,195759
402,1947,191544
402,1948,187421
402,1949,185234
402,1950,184986
402,1951,187208
402,1952,189445
402,1953,191560
402,1954,193557
402,1955,195622
402,1956,197856
402,1957,200300
402,1958,203100
402,1959,206367
402,1960,210034
402,1961,215095
402,1962,221930
402,1963,229386
402,1964,237017
402,1965,244868
402,1966,252989
402,1967,261409
402,1968,270172
402,1969,279254
402,1970,287895
402,1971,294052
402,1972,297388
402,1973,299890
402,1974,302578
402,1975,305853
402,1976,309462
402,1977,312843
402,1978,316163
402,1979,319485
402,1980,323310
402,1981,327859
402,1982,332729
402,1983,337661
402,1984,342511
402,1985,347370
402,1986,352321
402,1987,357308
402,1988,362339
402,1989,367820
402,1990,375437
402,1991,384603
402,1992,393426
402,1993,401977
402,1994,410230
402,1995,418116
402,1996,425592
402,1997,432803
402,1998,439789
402,1999,446528
402,2000,453335
402,2001,460300
402,2002,467056
402,2003,473384
402,2004,479377
402,2005,485128
402,2006,490728
402,2007,496196
402,2008,501362
402,2009,506148
402,2010,509793
402,2011,511453
402,2012,511966
402,2013,512231
402,2014,512334
402,2015,512405
402,2016,512556
402,2017,512899
402,2018,513418
402,2019,514116
402,2020,514683
402,2021,516655
402,2022,519750
402,2023,522335
402,2024,522335
402,2025,522335
403,1946,61193
403,1947,61064
403,1948,60936
403,1949,60906
403,1950,60895
403,1951,61783
403,1952,62611
403,1953,63348
403,1954,64004
403,1955,64618
403,1956,65241
403,1957,65886
403,1958,66575
403,1959,67306
403,1960,68028
403,1961,68724
403,1962,69422
403,1963,70133
403,1964,70881
403,1965,71691
403,1966,72594
403,1967,73610
403,1968,74783
403,1969,76096
403,1970,77639
403,1971,79351
403,1972,81061
403,1973,82816
403,1974,84685
403,1975,86722
403,1976,88939
403,1977,91316
403,1978,93809
403,1979,96266
403,1980,98563
403,1981,100629
403,1982,102528
403,1983,104397
403,1984,106410
403,1985,108669
403,1986,111163
403,1987,113934
403,1988,116955
403,1989,119990
403,1990,122993
403,1991,125711
403,1992,128127
403,1993,130478
403,1994,132745
403,1995,134905
403,1996,136974
403,1997,138935
403,1998,140765
403,1999,142459
403,2000,144029
403,2001,146386
403,2002,149932
403,2003,153824
403,2004,157721
403,2005,161650
403,2006,165651
403,2007,169709
403,2008,173808
403,2009,177866
403,2010,181810
403,2011,185665
403,2012,189452
403,2013,193158
403,2014,196780
403,2015,200308
403,2016,203702
403,2017,206986
403,2018,210198
403,2019,213405
403,2020,217450
403,2021,221975
403,2022,226313
403,2023,230882
403,2024,230882
403,2025,230882
404,1946,508664
404,1947,517820
404,1948,527141
404,1949,535679
404,1950,543632
404,1951,549745
404,1952,553920
404,1953,557634
404,1954,560983
404,1955,564074
404,1956,566981
404,1957,569752
404,1958,572426
404,1959,575035
404,1960,577634
404,1961,582546
404,1962,589479
404,1963,594426
404,1964,588550
404,1965,575012
404,1966,566915
404,1967,569016
404,1968,578180
404,1969,581625
404,1970,584409
404,1971,586230
404,1972,586632
404,1973,592815
404,1974,613346
404,1975,650972
404,1976,694194
404,1977,741796
404,1978,791693
404,1979,819878
404,1980,829314
404,1981,842436
404,1982,855899
404,1983,869596
404,1984,883528
404,1985,897707
404,1986,912129
404,1987,926872
404,1988,942065
404,1989,957792
404,1990,973678
404,1991,994640
404,1992,1024365
404,1993,1058755
404,1994,1092037
404,1995,1119950
404,1996,1143544
404,1997,1165550
404,1998,1187478
404,1999,1210211
404,2000,1234747
404,2001,1261281
404,2002,1289317
404,2003,1318809
404,2004,1349569
404,2005,1381590
404,2006,1415315
404,2007,1450989
404,2008,1488059
404,2009,1526384
404,2010,1566352
404,2011,1608084
404,2012,1651425
404,2013,1695980
404,2014,1741126
404,2015,1786461
404,2016,1831898
404,2017,1877074
404,2018,1922167
404,2019,1967704
404,2020,2013259
404,2021,2058841
404,2022,2105535
404,2023,2153343
404,2024,2153343
404,2025,2153343
411,1946,193973
411,1947,202667
411,1948,211750
411,1949,219678
411,1950,226570
411,1951,230628
411,1952,234690
411,1953,238805
411,1954,242985
411,1955,247228
411,1956,251534
411,1957,255931
411,1958,260397
411,1959,265003
411,1960,269813
411,1961,274907
411,1962,280294
411,1963,285974
411,1964,291954
411,1965,298248
411,1966,304868
411,1967,311814
411,1968,318853
411,1969,322525
411,1970,320815
411,1971,315946
411,1972,309474
411,1973,302293
411,1974,294957
411,1975,287912
411,1976,281042
411,1977,276784
411,1978,276534
411,1979,279848
411,1980,288652
411,1981,303262
411,1982,322226
411,1983,343429
411,1984,364905
411,1985,385553
411,1986,404740
411,1987,422529
411,1988,439659
411,1989,456821
411,1990,474289
411,1991,492220
411,1992,510775
411,1993,530030
411,1994,550148
411,1995,571274
411,1996,593496
411,1997,616897
411,1998,641478
411,1999,667222
411,2000,703287
411,2001,749836
411,2002,797968
411,2003,847867
411,2004,899924
411,2005,947370
411,2006,990349
411,2007,1036053
411,2008,1084538
411,2009,1135683
411,2010,1189097
411,2011,1241843
411,2012,1293485
411,2013,1346220
411,2014,1399829
411,2015,1453925
411,2016,1508192
411,2017,1562401
411,2018,1616425
411,2019,1670184
411,2020,1716479
411,2021,1758796
411,2022,1803549
411,2023,1847556
411,2024,1847556
411,2025,1847556
420,1946,285226
420,1947,290360
420,1948,295587
420,1949,301058
420,1950,306745
420,1951,314501
420,1952,322644
420,1953,331095
420,1954,339818
420,1955,348799
420,1956,358040
420,1957,367552
420,1958,377378
420,1959,387547
420,1960,398071
420,1961,408937
420,1962,420171
420,1963,431766
420,1964,443693
420,1965,455960
420,1966,468524
420,1967,481598
420,1968,495278
420,1969,509443
420,1970,524115
420,1971,539394
420,1972,555380
420,1973,572006
420,1974,589093
420,1975,606829
420,1976,625678
420,1977,645781
420,1978,667107
420,1979,689783
420,1980,713921
420,1981,739132
420,1982,765759
420,1983,794528
420,1984,825634
420,1985,858879
420,1986,894019
420,1987,931102
420,1988,970162
420,1989,1011367
420,1990,1054703
420,1991,1099960
420,1992,1145583
420,1993,1188372
420,1994,1227233
420,1995,1264320
420,1996,1301421
420,1997,1338898
420,1998,1376994
420,1999,1415786
420,2000,1455095
420,2001,1495023
420,2002,1535700
420,2003,1577619
420,2004,1621309
420,2005,1667035
420,2006,1715285
420,2007,1765778
420,2008,1817859
420,2009,1871428
420,2010,1926634
420,2011,1983785
420,2012,2043097
420,2013,2103825
420,2014,2164535
420,2015,2224530
420,2016,2283775
420,2017,2342191
420,2018,2399633
420,2019,2456847
420,2020,2515744
420,2021,2576015
420,2022,2636472
420,2023,2697846
420,2024,2697846
420,2025,2697846
432,1946,4383691
432,1947,4458214
432,1948,4534004
432,1949,4612876
432,1950,4696914
432,1951,4766702
432,1952,4836366
432,1953,4904800
432,1954,4972911
432,1955,5041937
432,1956,5111984
432,1957,5183132
432,1958,5253467
432,1959,5325646
432,1960,5402550
432,1961,5482288
432,1962,5563921
432,1963,5646606
432,1964,5730130
432,1965,5815483
432,1966,5902209
432,1967,5990908
432,1968,6082987
432,1969,6177698
432,1970,6276476
432,1971,6377945
432,1972,6483730
432,1973,6597114
432,1974,6715435
432,1975,6837265
432,1976,6960979
432,1977,7090985
432,1978,7229654
432,1979,7375272
432,1980,7530522
432,1981,7692763
432,1982,7860196
432,1983,8034400
432,1984,8208599
432,1985,8374661
432,1986,8531272
432,1987,8681167
432,1988,8834001
432,1989,8999935
432,1990,9178826
432,1991,9362885
432,1992,9553540
432,1993,9754786
432,1994,9967035
432,1995,10185368
432,1996,10407274
432,1997,10646499
432,1998,10919577
432,1999,11227420
432,2000,11559291
432,2001,11912162
432,2002,12288051
432,2003,12684951
432,2004,13102415
432,2005,13538648
432,2006,13990143
432,2007,14457776
432,2008,14940786
432,2009,15435536
432,2010,15945201
432,2011,16469054
432,2012,16957039
432,2013,17459619
432,2014,18020267
432,2015,18593022
432,2016,19191298
432,2017,19813016
432,2018,20442031
432,2019,21068405
432,2020,21713837
432,2021,22388637
432,2022,23072641
432,2023,23769130
432,2024,23769130
432,2025,23769130
433,1946,2313338
433,1947,2354978
433,1948,2397368
433,1949,2444336
433,1950,2555376
433,1951,2619643
433,1952,2687011
433,1953,2757571
433,1954,2831393
433,1955,2908512
433,1956,2988938
433,1957,3072374
433,1958,3158762
433,1959,3248325
433,1960,3340900
433,1961,3436379
433,1962,3534688
433,1963,3635876
433,1964,3740540
433,1965,3849793
433,1966,3964305
433,1967,4083872
433,1968,4207593
433,1969,4334979
433,1970,4466330
433,1971,4601869
433,1972,4741632
433,1973,4885181
433,1974,5029446
433,1975,5170812
433,1976,5308567
433,1977,5439555
433,1978,5568099
433,1979,5702899
433,1980,5845640
433,1981,5997165
433,1982,6156963
433,1983,6324507
433,1984,6499366
433,1985,6683296
433,1986,6878199
433,1987,7081535
433,1988,7289622
433,1989,7502213
433,1990,7720524
433,1991,7943091
433,1992,8168396
433,1993,8396289
433,1994,8624077
433,1995,8848112
433,1996,9067018
433,1997,9283505
433,1998,9502951
433,1999,9730897
433,2000,9968262
433,2001,10212941
433,2002,10466216
433,2003,10721176
433,2004,10975711
433,2005,11235473
433,2006,11500094
433,2007,11770348
433,2008,12048963
433,2009,12337390
433,2010,12635418
433,2011,12958902
433,2012,13310499
433,2013,13710857
433,2014,14152103
433,2015,14593335
433,2016,15034517
433,2017,15475001
433,2018,15914495
433,2019,16352926
433,2020,16789217
433,2021,17220866
433,2022,17651099
433,2023,18077573
433,2024,18077573
433,2025,18077573
434,1946,2112945
434,1947,2150978
434,1948,2189696
434,1949,2227533
434,1950,2250476
434,1951,2267310
434,1952,2285780
434,1953,2306205
434,1954,2328786
434,1955,2353653
434,1956,2380894
434,1957,2410774
434,1958,2443431
434,1959,2478921
434,1960,2517289
434,1961,2559229
434,1962,2604667
434,1963,2652911
434,1964,2704005
434,1965,2757936
434,1966,2814321
434,1967,2873000
434,1968,2934261
434,1969,2998230
434,1970,3065061
434,1971,3134768
434,1972,3207549
434,1973,3283500
434,1974,3362629
434,1975,3445406
434,1976,3532198
434,1977,3623200
434,1978,3718308
434,1979,3818536
434,1980,3925258
434,1981,4038308
434,1982,4156593
434,1983,4278981
434,1984,4405902
434,1985,4538017
434,1986,4675421
434,1987,4818487
434,1988,4967343
434,1989,5121659
434,1990,5281482
434,1991,5446935
434,1992,5617847
434,1993,5872707
434,1994,6096510
434,1995,6226775
434,1996,6391861
434,1997,6583375
434,1998,6789492
434,1999,7002818
434,2000,7221618
434,2001,7445599
434,2002,7675430
434,2003,7913074
434,2004,8159098
434,2005,8426145
434,2006,8693243
434,2007,8953973
434,2008,9228468
434,2009,9509431
434,2010,9797488
434,2011,10093626
434,2012,10397659
434,2013,10708831
434,2014,11030008
434,2015,11360681
434,2016,11697845
434,2017,12039777
434,2018,12383349
434,2019,12726760
434,2020,13070169
434,2021,13413423
434,2022,13759507
434,2023,14111035
434,2024,14111035
434,2025,14111035
435,1946,610334
435,1947,621320
435,1948,632503
435,1949,644899
435,1950,657722
435,1951,670891
435,1952,684812
435,1953,699392
435,1954,714679
435,1955,730730
435,1956,747615
435,1957,765353
435,1958,783999
435,1959,803611
435,1960,824307
435,1961,846174
435,1962,869192
435,1963,893425
435,1964,918957
435,1965,945847
435,1966,974159
435,1967,1003858
435,1968,1034748
435,1969,1066763
435,1970,1099815
435,1971,1133708
435,1972,1168359
435,1973,1203840
435,1974,1240193
435,1975,1277335
435,1976,1315341
435,1977,1353771
435,1978,1392716
435,1979,1432762
435,1980,1474046
435,1981,1516883
435,1982,1561183
435,1983,1606748
435,1984,1653696
435,1985,1702110
435,1986,1751843
435,1987,1803016
435,1988,1855862
435,1989,1903059
435,1990,1951881
435,1991,2009739
435,1992,2088143
435,1993,2174333
435,1994,2249462
435,1995,2312027
435,1996,2358193
435,1997,2411316
435,1998,2474650
435,1999,2541700
435,2000,2613450
435,2001,2678766
435,2002,2738659
435,2003,2802050
435,2004,2868671
435,2005,2939060
435,2006,3013659
435,2007,3093065
435,2008,3183276
435,2009,3284454
435,2010,3390968
435,2011,3502813
435,2012,3619035
435,2013,3734324
435,2014,3848511
435,2015,3965959
435,2016,4086655
435,2017,4210603
435,2018,4337685
435,2019,4467714
435,2020,4600136
435,2021,4734874
435,2022,4875644
435,2023,5022442
435,2024,5022442
435,2025,5022442
436,1946,2378553
436,1947,2418989
436,1948,2460111
436,1949,2510040
436,1950,2597818
436,1951,2684753
436,1952,2771894
436,1953,2859196
436,1954,2946889
436,1955,3035284
436,1956,3124754
436,1957,3215845
436,1958,3309227
436,1959,3405469
436,1960,3505056
436,1961,3608172
436,1962,3714521
436,1963,3823879
436,1964,3935821
436,1965,4049700
436,1966,4165551
436,1967,4283594
436,1968,4403640
436,1969,4525724
436,1970,4650272
436,1971,4776227
436,1972,4904847
436,1973,5037868
436,1974,5174956
436,1975,5317022
436,1976,5464963
436,1977,5619722
436,1978,5782939
436,1979,5955557
436,1980,6135968
436,1981,6322011
436,1982,6512733
436,1983,6708646
436,1984,6909974
436,1985,7118457
436,1986,7335814
436,1987,7561154
436,1988,7793752
436,1989,8034782
436,1990,8286066
436,1991,8546900
436,1992,8817633
436,1993,9100789
436,1994,9398266
436,1995,9714537
436,1996,10044848
436,1997,10383977
436,1998,10741416
436,1999,11117414
436,2000,11509634
436,2001,11920648
436,2002,12349150
436,2003,12796979
436,2004,13265843
436,2005,13756192
436,2006,14268583
436,2007,14803604
436,2008,15361921
436,2009,15943673
436,2010,16548833
436,2011,17176286
436,2012,17836770
436,2013,18519899
436,2014,19215917
436,2015,19939496
436,2016,20685758
436,2017,21435449
436,2018,22188074
436,2019,22947765
436,2020,23717615
436,2021,24502145
436,2022,25311978
436,2023,26159863
436,2024,26159863
436,2025,26159863
437,1946,2521188
437,1947,2566569
437,1948,2612767
437,1949,2669371
437,1950,2735187
437,1951,2809368
437,1952,2885718
437,1953,2965133
437,1954,3048539
437,1955,3136631
437,1956,3230013
437,1957,3329283
437,1958,3435088
437,1959,3548954
437,1960,3673672
437,1961,3810152
437,1962,3956950
437,1963,4112070
437,1964,4273955
437,1965,4442384
437,1966,4617522
437,1967,4799743
437,1968,4990023
437,1969,5192227
437,1970,5411573
437,1971,5650875
437,1972,5909721
437,1973,6184949
437,1974,6474062
437,1975,6776303
437,1976,7057963
437,1977,7321955
437,1978,7603134
437,1979,7902266
437,1980,8220717
437,1981,8556600
437,1982,8907942
437,1983,9272742
437,1984,9650523
437,1985,10040486
437,1986,10440924
437,1987,10851481
437,1988,11275194
437,1989,11719774
437,1990,12189780
437,1991,12683875
437,1992,13200313
437,1993,13735955
437,1994,14287211
437,1995,14855566
437,1996,15442322
437,1997,16047178
437,1998,16663948
437,1999,17215937
437,2000,17699007
437,2001,18178920
437,2002,18654772
437,2003,19125546
437,2004,19594997
437,2005,20068468
437,2006,20546808
437,2007,21030558
437,2008,21514446
437,2009,21997936
437,2010,22488068
437,2011,22982003
437,2012,23467083
437,2013,23939775
437,2014,24527393
437,2015,25246347
437,2016,25989404
437,2017,26733376
437,2018,27464175
437,2019,28193014
437,2020,28915452
437,2021,29639737
437,2022,30395004
437,2023,31165653
437,2024,31165653
437,2025,31165653
438,1946,2778757
438,1947,2828774
438,1948,2879692
438,1949,2931284
438,1950,3013177
438,1951,3061981
438,1952,3111689
438,1953,3162520
438,1954,3214564
438,1955,3267862
438,1956,3322503
438,1957,3378657
438,1958,3436437
438,1959,3495776
438,1960,3556756
438,1961,3619554
438,1962,3684278
438,1963,3750961
438,1964,3819729
438,1965,3890724
438,1966,3964159
438,1967,4040156
438,1968,4118553
438,1969,4198302
438,1970,4277540
438,1971,4355205
438,1972,4431293
438,1973,4506326
438,1974,4580513
438,1975,4653877
438,1976,4727031
438,1977,4801129
438,1978,4877853
438,1979,4959287
438,1980,5047423
438,1981,5143296
438,1982,5247672
438,1983,5359815
438,1984,5480098
438,1985,5610369
438,1986,5750669
438,1987,5900199
438,1988,6056575
438,1989,6215816
438,1990,6434383
438,1991,6697167
438,1992,6914370
438,1993,7128174
438,1994,7345106
438,1995,7553252
438,1996,7770035
438,1997,7931371
438,1998,8081993
438,1999,8265121
438,2000,8428837
438,2001,8539963
438,2002,8674072
438,2003,8870790
438,2004,9062724
438,2005,9245844
438,2006,9441174
438,2007,9662278
438,2008,9898870
438,2009,10143540
438,2010,10396090
438,2011,10656812
438,2012,10921580
438,2013,11191874
438,2014,11472921
438,2015,11767077
438,2016,12073031
438,2017,12385668
438,2018,12704776
438,2019,13034349
438,2020,13371185
438,2021,13710515
438,2022,14055136
438,2023,14405469
438,2024,14405469
438,2025,14405469
439,1946,3960076
439,1947,4023437
439,1948,4087812
439,1949,4151266
439,1950,4213152
439,1951,4260391
439,1952,4310353
439,1953,4361322
439,1954,4413878
439,1955,4469051
439,1956,4526657
439,1957,4586570
439,1958,4647287
439,1959,4710848
439,1960,4778626
439,1961,4848222
439,1962,4919673
439,1963,4993619
439,1964,5071040
439,1965,5152834
439,1966,5237939
439,1967,5326349
439,1968,5418644
439,1969,5513179
439,1970,5610307
439,1971,5708002
439,1972,5807238
439,1973,5911926
439,1974,6024905
439,1975,6147575
439,1976,6280638
439,1977,6428739
439,1978,6590987
439,1979,6763902
439,1980,6947900
439,1981,7140270
439,1982,7340199
439,1983,7551136
439,1984,7772260
439,1985,7999935
439,1986,8228847
439,1987,8457112
439,1988,8687441
439,1989,8921178
439,1990,9159358
439,1991,9394631
439,1992,9629280
439,1993,9871715
439,1994,10123807
439,1995,10386723
439,1996,10655943
439,1997,10934222
439,1998,11240668
439,1999,11574930
439,2000,11925548
439,2001,12294996
439,2002,12680904
439,2003,13082530
439,2004,13500536
439,2005,13932127
439,2006,14373713
439,2007,14816313
439,2008,15258103
439,2009,15710067
439,2010,16176503
439,2011,16661907
439,2012,17172284
439,2013,17695411
439,2014,18229466
439,2015,18777488
439,2016,19334854
439,2017,19894413
439,2018,20438289
439,2019,20961956
439,2020,21478691
439,2021,21995249
439,2022,22509038
439,2023,23025777
439,2024,23025777
439,2025,23025777
450,1946,849337
450,1947,864625
450,1948,880188
450,1949,897259
450,1950,918912
450,1951,936416
450,1952,954977
450,1953,974392
450,1954,994771
450,1955,1016396
450,1956,1039157
450,1957,1062947
450,1958,1087253
450,1959,1112560
450,1960,1139519
450,1961,1167721
450,1962,1197042
450,1963,1227417
450,1964,1258749
450,1965,1291155
450,1966,1324390
450,1967,1358439
450,1968,1393532
450,1969,1429612
450,1970,1466677
450,1971,1504082
450,1972,1542674
450,1973,1583590
450,1974,1626363
450,1975,1670914
450,1976,1717071
450,1977,1766028
450,1978,1818255
450,1979,1872714
450,1980,1929260
450,1981,1986864
450,1982,2045076
450,1983,2107114
450,1984,2173314
450,1985,2240549
450,1986,2308516
450,1987,2377233
450,1988,2446942
450,1989,2517864
450,1990,2223667
450,1991,1956523
450,1992,2072466
450,1993,2155135
450,1994,2149929
450,1995,2169167
450,1996,2232286
450,1997,2412995
450,1998,2670128
450,1999,2821689
450,2000,2928117
450,2001,3015343
450,2002,3094793
450,2003,3119534
450,2004,3156893
450,2005,3301016
450,2006,3490792
450,2007,3669050
450,2008,3821006
450,2009,3943035
450,2010,4058897
450,2011,4221177
450,2012,4373046
450,2013,4470246
450,2014,4564299
450,2015,4659436
450,2016,4755607
450,2017,4848927
450,2018,4944728
450,2019,5043719
450,2020,5149470
450,2021,5259327
450,2022,5373297
450,2023,5493035
450,2024,5493035
450,2025,5493035
451,1946,1866390
451,1947,1899985
451,1948,1934184
451,1949,1967796
451,1950,1999628
451,1951,2023289
451,1952,2047201
451,1953,2070818
451,1954,2095066
451,1955,2120895
451,1956,2147980
451,1957,2176254
451,1958,2204841
451,1959,2235024
451,1960,2268361
451,1961,2304229
451,1962,2342241
451,1963,2382262
451,1964,2424393
451,1965,2468669
451,1966,2514641
451,1967,2562394
451,1968,2611535
451,1969,2661367
451,1970,2712287
451,1971,2763230
451,1972,2814397
451,1973,2866959
451,1974,2920466
451,1975,2974659
451,1976,3028822
451,1977,3085359
451,1978,3145522
451,1979,3207502
451,1980,3272097
451,1981,3338944
451,1982,3408188
451,1983,3481644
451,1984,3558762
451,1985,3638444
451,1986,3728381
451,1987,3829720
451,1988,3934517
451,1989,4034038
451,1990,4196834
451,1991,4246268
451,1992,4166368
451,1993,4157128
451,1994,4173111
451,1995,4179178
451,1996,4199215
451,1997,4253710
451,1998,4295783
451,1999,4318047
451,2000,4423615
451,2001,4692715
451,2002,4971435
451,2003,5177686
451,2004,5355715
451,2005,5501707
451,2006,5624464
451,2007,5749353
451,2008,5894728
451,2009,6055655
451,2010,6222715
451,2011,6387258
451,2012,6551078
451,2013,6714057
451,2014,6876385
451,2015,7037660
451,2016,7205339
451,2017,7379300
451,2018,7554568
451,2019,7731994
451,2020,7912557
451,2021,8094603
451,2022,8276809
451,2023,8460523
451,2024,8460523
451,2025,8460523
452,1946,4690254
452,1947,4774678
452,1948,4860622
452,1949,4961368
452,1950,5080664
452,1951,5229134
452,1952,5387494
452,1953,5553969
452,1954,5729430
452,1955,5914933
452,1956,6109604
452,1957,6312498
452,1958,6520157
452,1959,6735545
452,1960,6961216
452,1961,7162672
452,1962,7337378
452,1963,7514721
452,1964,7695744
452,1965,7882609
452,1966,8074529
452,1967,8271924
452,1968,8475734
452,1969,8690384
452,1970,8925813
452,1971,9176264
452,1972,9438189
452,1973,9714615
452,1974,10000528
452,1975,10294312
452,1976,10594918
452,1977,10911869
452,1978,11248453
452,1979,11597251
452,1980,11941451
452,1981,12281722
452,1982,12643820
452,1983,13029841
452,1984,13370591
452,1985,13661237
452,1986,13965221
452,1987,14289110
452,1988,14636577
452,1989,15006814
452,1990,15394650
452,1991,15787495
452,1992,16184863
452,1993,16589521
452,1994,16993190
452,1995,17399023
452,1996,17810184
452,1997,18238961
452,1998,18688041
452,1999,19149875
452,2000,19637085
452,2001,20167073
452,2002,20729392
452,2003,21296710
452,2004,21868298
452,2005,22449446
452,2006,23040704
452,2007,23642284
452,2008,24249945
452,2009,24862667
452,2010,25475000
452,2011,26095091
452,2012,26734273
452,2013,27386193
452,2014,28041592
452,2015,28696071
452,2016,29356736
452,2017,30008364
452,2018,30637592
452,2019,31258943
452,2020,31887802
452,2021,32518662
452,2022,33149152
452,2023,33787916
452,2024,33787916
452,2025,33787916
461,1946,1303047
461,1947,1326502
461,1948,1350379
461,1949,1374388
461,1950,1399596
461,1951,1424396
461,1952,1449922
461,1953,1476069
461,1954,1502761
461,1955,1529948
461,1956,1557633
461,1957,1585871
461,1958,1614630
461,1959,1643753
461,1960,1673110
461,1961,1702713
461,1962,1732956
461,1963,1765060
461,1964,1799407
461,1965,1835587
461,1966,1873490
461,1967,1912768
461,1968,1953523
461,1969,2043417
461,1970,2149480
461,1971,2219828
461,1972,2283857
461,1973,2344511
461,1974,2404290
461,1975,2463792
461,1976,2523483
461,1977,2583984
461,1978,2646505
461,1979,2714356
461,1980,2791409
461,1981,2879439
461,1982,2961651
461,1983,3033081
461,1984,3105744
461,1985,3194544
461,1986,3296341
461,1987,3397614
461,1988,3501544
461,1989,3606911
461,1990,3714023
461,1991,3822637
461,1992,3932581
461,1993,3887976
461,1994,3904183
461,1995,4110452
461,1996,4291129
461,1997,4438798
461,1998,4551633
461,1999,4665757
461,2000,4783721
461,2001,4904135
461,2002,5027128
461,2003,5154113
461,2004,5281320
461,2005,5413151
461,2006,5569659
461,2007,5748437
461,2008,5936140
461,2009,6130944
461,2010,6325791
461,2011,6500577
461,2012,6653719
461,2013,6798851
461,2014,6937647
461,2015,7071500
461,2016,7200883
461,2017,7324379
461,2018,7458205
461,2019,7619916
461,2020,7788058
461,2021,7936185
461,2022,8068616
461,2023,8223853
461,2024,8223853
461,2025,8223853
471,1946,4030132
471,1947,4098220
471,1948,4167458
471,1949,4239958
471,1950,4330088
471,1951,4395365
471,1952,4464718
471,1953,4538446
471,1954,4616889
471,1955,4700267
471,1956,4788341
471,1957,4878935
471,1958,4972220
471,1959,5070072
471,1960,5159059
471,1961,5239281
471,1962,5338626
471,1963,5456615
471,1964,5578261
471,1965,5704688
471,1966,5837300
471,1967,5977315
471,1968,6125860
471,1969,6283470
471,1970,6449795
471,1971,6624415
471,1972,6806873
471,1973,6996661
471,1974,7193589
471,1975,7397126
471,1976,7597962
471,1977,7796510
471,1978,8011917
471,1979,8239642
471,1980,8512217
471,1981,8816377
471,1982,9028676
471,1983,9215395
471,1984,9475085
471,1985,9761728
471,1986,10060342
471,1987,10370753
471,1988,10684972
471,1989,11002749
471,1990,11331827
471,1991,11667186
471,1992,12006362
471,1993,12353131
471,1994,12704900
471,1995,13058517
471,1996,13414761
471,1997,13775216
471,1998,14144857
471,1999,14525145
471,2000,14912632
471,2001,15309489
471,2002,15725534
471,2003,16160340
471,2004,16610485
471,2005,17074599
471,2006,17550403
471,2007,18049897
471,2008,18574052
471,2009,19113978
471,2010,19668063
471,2011,20232312
471,2012,20809530
471,2013,21402379
471,2014,22059894
471,2015,22763418
471,2016,23454165
471,2017,24128609
471,2018,24806377
471,2019,25506095
471,2020,26210566
471,2021,26915765
471,2022,27632770
471,2023,28372690
471,2024,28372690
471,2025,28372690
475,1946,34536939
475,1947,35158604
475,1948,35791459
475,1949,36467880
475,1950,37283019
475,1951,37994083
475,1952,38716210
475,1953,39439813
475,1954,40176326
475,1955,40935638
475,1956,41716059
475,1957,42517478
475,1958,43324654
475,1959,44161685
475,1960,45053787
475,1961,45989313
475,1962,46965299
475,1963,47973576
475,1964,49012023
475,1965,50086762
475,1966,51188240
475,1967,52293065
475,1968,53432785
475,1969,54631917
475,1970,55893836
475,1971,57214688
475,1972,58601749
475,1973,60082138
475,1974,61679153
475,1975,63410821
475,1976,65258000
475,1977,67234590
475,1978,69326531
475,1979,71498241
475,1980,73764641
475,1981,76068116
475,1982,78378699
475,1983,80438257
475,1984,82526444
475,1985,84897973
475,1986,87235959
475,1987,89591718
475,1988,92020088
475,1989,94531022
475,1990,97120926
475,1991,99720161
475,1992,102372779
475,1993,105122075
475,1994,107935717
475,1995,110819430
475,1996,113754783
475,1997,116754790
475,1998,119846261
475,1999,123047324
475,2000,126382490
475,2001,129862594
475,2002,133471995
475,2003,137202646
475,2004,141057045
475,2005,145017256
475,2006,149077335
475,2007,153267254
475,2008,157595014
475,2009,162049466
475,2010,166642888
475,2011,171379602
475,2012,176200627
475,2013,181049440
475,2014,185896917
475,2015,190671883
475,2016,195443698
475,2017,200254580
475,2018,204938752
475,2019,209485637
475,2020,213996185
475,2021,218529286
475,2022,223150906
475,2023,227882949
475,2024,227882949
475,2025,227882949
481,1946,447169
481,1947,454323
481,1948,461593
481,1949,467794
481,1950,472843
481,1951,475640
481,1952,478588
481,1953,481760
481,1954,485163
481,1955,488818
481,1956,492790
481,1957,497074
481,1958,501738
481,1959,506813
481,1960,512324
481,1961,518275
481,1962,524656
481,1963,531459
481,1964,538665
481,1965,546320
481,1966,554471
481,1967,563114
481,1968,572267
481,1969,583284
481,1970,595856
481,1971,608355
481,1972,620968
481,1973,634003
481,1974,647699
481,1975,662205
481,1976,677631
481,1977,693994
481,1978,711250
481,1979,729380
481,1980,748395
481,1981,768394
481,1982,789291
481,1983,811007
481,1984,833501
481,1985,856737
481,1986,880706
481,1987,905481
481,1988,931023
481,1989,957147
481,1990,983740
481,1991,1010821
481,1992,1038386
481,1993,1066404
481,1994,1094724
481,1995,1123212
481,1996,1152018
481,1997,1181445
481,1998,1211744
481,1999,1243023
481,2000,1275578
481,2001,1309594
481,2002,1345142
481,2003,1382354
481,2004,1421620
481,2005,1463503
481,2006,1508338
481,2007,1556242
481,2008,1607182
481,2009,1661567
481,2010,1719883
481,2011,1781987
481,2012,1846893
481,2013,1913061
481,2014,1978400
481,2015,2040990
481,2016,2100310
481,2017,2156902
481,2018,2212320
481,2019,2267711
481,2020,2322538
481,2021,2376729
481,2022,2430750
481,2023,2484790
481,2024,2484790
481,2025,2484790
482,1946,1348756
482,1947,1370336
482,1948,1392261
482,1949,1414346
482,1950,1438062
482,1951,1461255
482,1952,1484828
482,1953,1508951
482,1954,1533762
482,1955,1559371
482,1956,1585850
482,1957,1613283
482,1958,1641677
482,1959,1671336
482,1960,1702346
482,1961,1734583
482,1962,1768124
482,1963,1803067
482,1964,1839582
482,1965,1877856
482,1966,1918087
482,1967,1960450
482,1968,2005104
482,1969,2051517
482,1970,2097513
482,1971,2141455
482,1972,2183773
482,1973,2226007
482,1974,2269345
482,1975,2313925
482,1976,2348567
482,1977,2372932
482,1978,2397963
482,1979,2423800
482,1980,2450537
482,1981,2478413
482,1982,2507374
482,1983,2537407
482,1984,2568610
482,1985,2600939
482,1986,2634262
482,1987,2669154
482,1988,2713967
482,1989,2783977
482,1990,2871915
482,1991,2963195
482,1992,3058837
482,1993,3157842
482,1994,3257956
482,1995,3348062
482,1996,3435973
482,1997,3531700
482,1998,3628833
482,1999,3729452
482,2000,3833421
482,2001,3919498
482,2002,4006079
482,2003,4103092
482,2004,4192828
482,2005,4288814
482,2006,4377582
482,2007,4462777
482,2008,4558989
482,2009,4529051
482,2010,4493003
482,2011,4565023
482,2012,4610848
482,2013,4642423
482,2014,4623187
482,2015,4629322
482,2016,4713663
482,2017,4793512
482,2018,4878663
482,2019,4944708
482,2020,5026629
482,2021,5112103
482,2022,5098038
482,2023,5152415
482,2024,5152415
482,2025,5152415
483,1946,2352098
483,1947,2389732
483,1948,2427968
483,1949,2468924
483,1950,2525457
483,1951,2570410
483,1952,2616313
483,1953,2663776
483,1954,2713010
483,1955,2764252
483,1956,2817660
483,1957,2873095
483,1958,2930371
483,1959,2989326
483,1960,3049843
483,1961,3111956
483,1962,3175599
483,1963,3240909
483,1964,3307482
483,1965,3374220
483,1966,3440907
483,1967,3508513
483,1968,3578228
483,1969,3651121
483,1970,3727834
483,1971,3807326
483,1972,3893253
483,1973,3985914
483,1974,4078363
483,1975,4167237
483,1976,4251299
483,1977,4331668
483,1978,4411370
483,1979,4505384
483,1980,4515461
483,1981,4520965
483,1982,4738486
483,1983,4979137
483,1984,5045152
483,1985,5096274
483,1986,5251074
483,1987,5438311
483,1988,5625601
483,1989,5819588
483,1990,5982838
483,1991,6205688
483,1992,6474651
483,1993,6629147
483,1994,6783456
483,1995,7089063
483,1996,7410107
483,1997,7670371
483,1998,7938841
483,1999,8222710
483,2000,8512092
483,2001,8804122
483,2002,9116195
483,2003,9487830
483,2004,9920036
483,2005,10328094
483,2006,10706426
483,2007,11081667
483,2008,11476299
483,2009,11893753
483,2010,12312580
483,2011,12755004
483,2012,13211006
483,2013,13691081
483,2014,14188680
483,2015,14647626
483,2016,15114652
483,2017,15622756
483,2018,16156535
483,2019,16685223
483,2020,17224686
483,2021,17828274
483,2022,18455319
483,2023,19319075
483,2024,19319075
483,2025,19319075
484,1946,775797
484,1947,789761
484,1948,803977
484,1949,819090
484,1950,835269
484,1951,853643
484,1952,872684
484,1953,892461
484,1954,913023
484,1955,934435
484,1956,956825
484,1957,980204
484,1958,1004629
484,1959,1030164
484,1960,1056738
484,1961,1084392
484,1962,1113180
484,1963,1143269
484,1964,1174823
484,1965,1207886
484,1966,1242544
484,1967,1278697
484,1968,1316525
484,1969,1356188
484,1970,1397640
484,1971,1441047
484,1972,1486478
484,1973,1533685
484,1974,1582304
484,1975,1627033
484,1976,1667233
484,1977,1707572
484,1978,1748098
484,1979,1788523
484,1980,1828991
484,1981,1869764
484,1982,1910429
484,1983,1950328
484,1984,1999533
484,1985,2059317
484,1986,2120604
484,1987,2183478
484,1988,2247653
484,1989,2313562
484,1990,2380562
484,1991,2449235
484,1992,2519467
484,1993,2595127
484,1994,2673147
484,1995,2749464
484,1996,2826786
484,1997,2887862
484,1998,2952062
484,1999,3032876
484,2000,3151349
484,2001,3272542
484,2002,3350770
484,2003,3445758
484,2004,3565565
484,2005,3696399
484,2006,3837411
484,2007,3980430
484,2008,4113514
484,2009,4281218
484,2010,4462304
484,2011,4609728
484,2012,4740457
484,2013,4857104
484,2014,4975887
484,2015,5097583
484,2016,5222545
484,2017,5351013
484,2018,5483128
484,2019,5616656
484,2020,5752792
484,2021,5892187
484,2022,6035104
484,2023,6182890
484,2024,6182890
484,2025,6182890
490,1946,11474559
490,1947,11660743
490,1948,11849948
490,1949,12061342
490,1950,12294293
490,1951,12542651
490,1952,12803638
490,1953,13069453
490,1954,13343040
490,1955,13630350
490,1956,13929950
490,1957,14242284
490,1958,14557795
490,1959,14891587
490,1960,15264853
490,1961,15662373
490,1962,16075729
490,1963,16507610
490,1964,16955329
490,1965,17427807
490,1966,17931933
490,1967,18462787
490,1968,19012194
490,1969,19570447
490,1970,20137442
490,1971,20695568
490,1972,21251166
490,1973,21827663
490,1974,22418883
490,1975,23021102
490,1976,23624035
490,1977,24229060
490,1978,24992694
490,1979,25886782
490,1980,26711098
490,1981,27500518
490,1982,28338193
490,1983,29250969
490,1984,30245088
490,1985,31264819
490,1986,32265200
490,1987,33298910
490,1988,34382756
490,1989,35486863
490,1990,36684065
490,1991,37925828
490,1992,39228908
490,1993,40656338
490,1994,42626873
490,1995,44433718
490,1996,45296125
490,1997,46029907
490,1998,47297595
490,1999,48912972
490,2000,50507445
490,2001,52132646
490,2002,53750529
490,2003,55343873
490,2004,56997740
490,2005,58775726
490,2006,60615909
490,2007,62477753
490,2008,64390658
490,2009,66412038
490,2010,68563038
490,2011,70849311
490,2012,73254623
490,2013,75789397
490,2014,78403248
490,2015,81035532
490,2016,83956416
490,2017,87083400
490,2018,90047647
490,2019,92947450
490,2020,95990000
490,2021,99148930
490,2022,102396974
490,2023,105789733
490,2024,105789733
490,2025,105789733
500,1946,5322723
500,1947,5418532
500,1948,5516065
500,1949,5626585
500,1950,5750917
500,1951,5911173
500,1952,6077045
500,1953,6249442
500,1954,6428381
500,1955,6613776
500,1956,6805457
500,1957,7003888
500,1958,7209760
500,1959,7423432
500,1960,7640975
500,1961,7862221
500,1962,8092231
500,1963,8333660
500,1964,8586366
500,1965,8849209
500,1966,9122864
500,1967,9408922
500,1968,9708633
500,1969,10014863
500,1970,10321608
500,1971,10618207
500,1972,10885795
500,1973,11144237
500,1974,11424845
500,1975,11725240
500,1976,12037302
500,1977,12359671
500,1978,12692122
500,1979,13002167
500,1980,13275751
500,1981,13556457
500,1982,13873637
500,1983,14221891
500,1984,14607679
500,1985,15023679
500,1986,15467581
500,1987,15954165
500,1988,16470485
500,1989,17010704
500,1990,17569895
500,1991,18155901
500,1992,18785037
500,1993,19445161
500,1994,20108804
500,1995,20665673
500,1996,21231553
500,1997,21856044
500,1998,22515809
500,1999,23257279
500,2000,24000158
500,2001,24745678
500,2002,25532872
500,2003,26352124
500,2004,27154513
500,2005,27963287
500,2006,28794005
500,2007,29653437
500,2008,30539547
500,2009,31451147
500,2010,32390801
500,2011,33354541
500,2012,34337436
500,2013,35337050
500,2014,36395542
500,2015,37531444
500,2016,38799153
500,2017,40177384
500,2018,41565839
500,2019,42999636
500,2020,44457148
500,2021,45910931
500,2022,47312718
500,2023,48656606
500,2024,48656606
500,2025,48656606
501,1946,5339474
501,1947,5435584
501,1948,5533425
501,1949,5646031
501,1950,5769190
501,1951,5893576
501,1952,6033296
501,1953,6183900
501,1954,6348143
501,1955,6529301
501,1956,6727685
501,1957,6944873
501,1958,7174794
501,1959,7422742
501,1960,7695310
501,1961,7987768
501,1962,8299311
501,1963,8627972
501,1964,8973539
501,1965,9338084
501,1966,9717825
501,1967,10111061
501,1968,10518828
501,1969,10939697
501,1970,11368806
501,1971,11788906
501,1972,12206063
501,1973,12634841
501,1974,13070078
501,1975,13511672
501,1976,13957620
501,1977,14428824
501,1978,14934127
501,1979,15460668
501,1980,16018465
501,1981,16601510
501,1982,17206177
501,1983,17846374
501,1984,18514908
501,1985,19201772
501,1986,19901643
501,1987,20616091
501,1988,21356222
501,1989,22118437
501,1990,22892655
501,1991,23646514
501,1992,24382466
501,1993,25117192
501,1994,25857136
501,1995,26601753
501,1996,27344211
501,1997,28101762
501,1998,28888063
501,1999,29733413
501,2000,30642893
501,2001,31619170
501,2002,32629809
501,2003,33652233
501,2004,34713453
501,2005,35796485
501,2006,36904010
501,2007,38036354
501,2008,39206349
501,2009,40408887
501,2010,41598570
501,2011,42758467
501,2012,43888306
501,2013,44986794
501,2014,46051441
501,2015,47088528
501,2016,48139683
501,2017,49197757
501,2018,50207109
501,2019,51202829
501,2020,52217327
501,2021,53219167
501,2022,54252458
501,2023,55339007
501,2024,55339007
501,2025,55339007
510,1946,7064198
510,1947,7191354
510,1948,7320798
510,1949,7467570
510,1950,7625152
510,1951,7812973
510,1952,8009083
510,1953,8213117
510,1954,8424792
510,1955,8644856
510,1956,8874780
510,1957,9115792
510,1958,9367596
510,1959,9629269
510,1960,9901422
510,1961,10187889
510,1962,10487756
510,1963,10799530
510,1964,11127827
510,1965,11470726
510,1966,11827462
510,1967,12200114
510,1968,12602077
510,1969,13036701
510,1970,13492674
510,1971,13971453
510,1972,14479311
510,1973,15010099
510,1974,15561633
510,1975,16138364
510,1976,16736216
510,1977,17352936
510,1978,17976569
510,1979,18592045
510,1980,19189769
510,1981,19784713
510,1982,20398574
510,1983,21079877
510,1984,21779064
510,1985,22501696
510,1986,23258959
510,1987,24030376
510,1988,24769690
510,1989,25438759
510,1990,26110210
510,1991,26780440
510,1992,27457599
510,1993,28332691
510,1994,29442357
510,1995,30383496
510,1996,30945761
510,1997,31578093
510,1998,32420461
510,1999,33300335
510,2000,34260142
510,2001,35198303
510,2002,36121301
510,2003,37089555
510,2004,38109666
510,2005,39182083
510,2006,40294900
510,2007,41435508
510,2008,42570728
510,2009,43633975
510,2010,44758491
510,2011,46029371
510,2012,47374261
510,2013,48824134
510,2014,50351506
510,2015,52020958
510,2016,53824012
510,2017,55652888
510,2018,57437134
510,2019,59174889
510,2020,60972803
510,2021,62830410
510,2022,64711822
510,2023,66617607
510,2024,66617607
510,2025,66617607
516,1946,2098674
516,1947,2136450
516,1948,2174906
516,1949,2214122
516,1950,2254942
516,1951,2305749
516,1952,2355807
516,1953,2405189
516,1954,2454593
516,1955,2504658
516,1956,2555312
516,1957,2606484
516,1958,2657416
516,1959,2709604
516,1960,2764265
516,1961,2835122
516,1962,2907945
516,1963,2969844
516,1964,3055656
516,1965,3141371
516,1966,3217962
516,1967,3300699
516,1968,3380389
516,1969,3454598
516,1970,3530431
516,1971,3617295
516,1972,3617134
516,1973,3611994
516,1974,3703604
516,1975,3796617
516,1976,3882626
516,1977,3983585
516,1978,4100342
516,1979,4203533
516,1980,4383713
516,1981,4566017
516,1982,4681397
516,1983,4808530
516,1984,4926477
516,1985,5034043
516,1986,5129423
516,1987,5247790
516,1988,5365332
516,1989,5471706
516,1990,5587051
516,1991,5703860
516,1992,5858405
516,1993,5676847
516,1994,5713856
516,1995,6066319
516,1996,6070510
516,1997,6070038
516,1998,6187114
516,1999,6337155
516,2000,6470196
516,2001,6634368
516,2002,6824139
516,2003,7043158
516,2004,7310656
516,2005,7587303
516,2006,7865545
516,2007,8161879
516,2008,8505643
516,2009,8947653
516,2010,9376448
516,2011,9717980
516,2012,10071033
516,2013,10439346
516,2014,10799789
516,2015,11047581
516,2016,11239459
516,2017,11506764
516,2018,11859444
516,2019,12255339
516,2020,12617041
516,2021,12965487
516,2022,13321102
516,2023,13689455
516,2024,13689455
516,2025,13689455
517,1946,1992086
517,1947,2027943
517,1948,2064446
517,1949,2106457
517,1950,2157101
517,1951,2236039
517,1952,2316516
517,1953,2398364
517,1954,2482131
517,1955,2568303
517,1956,2656814
517,1957,2747877
517,1958,2840135
517,1959,2932401
517,1960,3022300
517,1961,3106786
517,1962,3186019
517,1963,3258901
517,1964,3334835
517,1965,3423216
517,1966,3521626
517,1967,3629585
517,1968,3744013
517,1969,3861274
517,1970,3980673
517,1971,4100049
517,1972,4220335
517,1973,4345045
517,1974,4474235
517,1975,4607728
517,1976,4745962
517,1977,4888248
517,1978,5035172
517,1979,5189550
517,1980,5353263
517,1981,5527236
517,1982,5711555
517,1983,5905311
517,1984,6107628
517,1985,6317230
517,1986,6531887
517,1987,6749494
517,1988,6968075
517,1989,7184709
517,1990,7375313
517,1991,7526964
517,1992,7683266
517,1993,7981142
517,1994,6792358
517,1995,5674118
517,1996,6708767
517,1997,7755237
517,1998,8081688
517,1999,8147917
517,2000,8213936
517,2001,8287091
517,2002,8400185
517,2003,8586878
517,2004,8816849
517,2005,9054532
517,2006,9299251
517,2007,9549940
517,2008,9804268
517,2009,10060438
517,2010,10317560
517,2011,10573742
517,2012,10829904
517,2013,11093340
517,2014,11364758
517,2015,11640026
517,2016,11919183
517,2017,12202062
517,2018,12488000
517,2019,12776102
517,2020,13065838
517,2021,13355260
517,2022,13651025
517,2023,13954473
517,2024,13954473
517,2025,13954473
520,1946,2076067
520,1947,2107208
520,1948,2138816
520,1949,2174056
520,1950,2213139
520,1951,2276682
520,1952,2340259
520,1953,2403576
520,1954,2467314
520,1955,2532253
520,1956,2598371
520,1957,2665713
520,1958,2733407
520,1959,2803095
520,1960,2876333
520,1961,2952057
520,1962,3030096
520,1963,3110362
520,1964,3192798
520,1965,3277875
520,1966,3365115
520,1967,3454541
520,1968,3546594
520,1969,3641019
520,1970,3738451
520,1971,3837694
520,1972,3939438
520,1973,4045589
520,1974,4151851
520,1975,4257539
520,1976,4365815
520,1977,4484061
520,1978,4814897
520,1979,5449115
520,1980,5936155
520,1981,5982853
520,1982,6003838
520,1983,6198436
520,1984,6428396
520,1985,6693294
520,1986,6974790
520,1987,7228308
520,1988,7235362
520,1989,7114828
520,1990,7082816
520,1991,6813762
520,1992,6495109
520,1993,6681406
520,1994,7026804
520,1995,7285013
520,1996,7554476
520,1997,7824531
520,1998,8155414
520,1999,8492066
520,2000,8838714
520,2001,9198495
520,2002,9550069
520,2003,9909161
520,2004,10281001
520,2005,10644234
520,2006,10975502
520,2007,11322581
520,2008,11663090
520,2009,11961205
520,2010,12261761
520,2011,12348829
520,2012,12461163
520,2013,12869599
520,2014,13339497
520,2015,13806969
520,2016,14348741
520,2017,14916630
520,2018,15452489
520,2019,16030969
520,2020,16651200
520,2021,17271435
520,2022,17801895
520,2023,18358622
520,2024,18358622
520,2025,18358622
522,1946,58126
522,1947,58998
522,1948,59883
522,1949,60992
522,1950,62349
522,1951,64326
522,1952,66371
522,1953,68501
522,1954,70723
522,1955,73023
522,1956,75403
522,1957,77884
522,1958,80457
522,1959,83102
522,1960,86040
522,1961,89407
522,1962,93305
522,1963,97887
522,1964,103214
522,1965,109108
522,1966,115284
522,1967,121659
522,1968,128264
522,1969,136090
522,1970,145188
522,1971,155152
522,1972,166268
522,1973,178460
522,1974,192622
522,1975,209922
522,1976,230747
522,1977,254629
522,1978,280042
522,1979,304525
522,1980,325822
522,1981,343056
522,1982,356887
522,1983,369558
522,1984,384072
522,1985,402691
522,1986,426345
522,1987,454409
522,1988,484531
522,1989,523362
522,1990,579544
522,1991,631096
522,1992,626016
522,1993,614247
522,1994,626717
522,1995,633075
522,1996,648354
522,1997,671826
522,1998,699355
522,1999,724228
522,2000,747326
522,2001,771311
522,2002,795576
522,2003,813528
522,2004,826133
522,2005,839174
522,2006,855767
522,2007,874530
522,2008,892739
522,2009,911524
522,2010,930252
522,2011,948565
522,2012,966754
522,2013,984833
522,2014,1002720
522,2015,1020316
522,2016,1037660
522,2017,1054844
522,2018,1071886
522,2019,1088710
522,2020,1105193
522,2021,1121251
522,2022,1137101
522,2023,1152951
522,2024,1152951
522,2025,1152951
530,1946,17476313
530,1947,17476313
530,1948,17476313
530,1949,17553622
530,1950,17670418
530,1951,17989060
530,1952,18326176
530,1953,18674772
530,1954,19038036
530,1955,19419768
530,1956,19818886
530,1957,20173747
530,1958,20480281
530,1959,20878098
530,1960,21376688
530,1961,21906102
530,1962,22465125
530,1963,23051639
530,1964,23666547
530,1965,24310615
530,1966,24952691
530,1967,25620283
530,1968,26337933
530,1969,27072575
530,1970,27829135
530,1971,28600114
530,1972,29374611
530,1973,30166789
530,1974,30957277
530,1975,31723255
530,1976,32534428
530,1977,33167276
530,1978,33734601
530,1979,34238655
530,1980,34428515
530,1981,35304010
530,1982,36701293
530,1983,37740821
530,1984,38735728
530,1985,39842136
530,1986,41037658
530,1987,42460039
530,1988,44150834
530,1989,45879686
530,1990,47609760
530,1991,49717203
530,1992,51853756
530,1993,53708892
530,1994,55611514
530,1995,57537340
530,1996,59467640
530,1997,61404541
530,1998,63363523
530,1999,65374561
530,2000,67411496
530,2001,69487767
530,2002,71635521
530,2003,73832664
530,2004,76077211
530,2005,78367476
530,2006,80703495
530,2007,83103218
530,2008,85543670
530,2009,88007641
530,2010,90538518
530,2011,93149977
530,2012,95798771
530,2013,98438752
530,2014,101115615
530,2015,103867140
530,2016,106718163
530,2017,109666482
530,2018,112664157
530,2019,115737384
530,2020,118917670
530,2021,122138588
530,2022,125384285
530,2023,128691695
530,2024,128691695
530,2025,128691695
531,1946,771549
531,1947,783122
531,1948,794869
531,1949,808004
531,1950,814880
531,1951,827035
531,1952,840352
531,1953,854708
531,1954,870030
531,1955,886245
531,1956,903421
531,1957,918807
531,1958,932595
531,1959,950562
531,1960,972558
531,1961,995576
531,1962,1019789
531,1963,1045096
531,1964,1071293
531,1965,1098337
531,1966,1124959
531,1967,1152345
531,1968,1181742
531,1969,1212005
531,1970,1243457
531,1971,1276160
531,1972,1309248
531,1973,1342677
531,1974,1375687
531,1975,1408218
531,1976,1443811
531,1977,1482567
531,1978,1522382
531,1979,1563332
531,1980,1605800
531,1981,1649946
531,1982,1695465
531,1983,1736163
531,1984,1771736
531,1985,1807812
531,1986,1845169
531,1987,1888672
531,1988,1938264
531,1989,1987021
531,1990,2032749
531,1991,1919575
531,1992,1798750
531,1993,1856017
531,1994,1913919
531,1995,2025273
531,1996,2128464
531,1997,2152146
531,1998,2180423
531,1999,2212785
531,2000,2247036
531,2001,2312083
531,2002,2392981
531,2003,2493906
531,2004,2598288
531,2005,2661215
531,2006,2703501
531,2007,2743226
531,2008,2816331
531,2009,2887887
531,2010,2945184
531,2011,2998493
531,2012,3036998
531,2013,3074367
531,2014,3095168
531,2015,3105554
531,2016,3124700
531,2017,3150350
531,2018,3192763
531,2019,3240194
531,2020,3291277
531,2021,3350185
531,2022,3409450
531,2023,3470391
531,2024,3470391
531,2025,3470391
540,1946,4166972
540,1947,4241977
540,1948,4318333
540,1949,4397048
540,1950,4551869
540,1951,4602567
540,1952,4651693
540,1953,4706357
540,1954,4766716
540,1955,4832775
540,1956,4904275
540,1957,4980650
540,1958,5061137
540,1959,5145107
540,1960,5231664
540,1961,5301584
540,1962,5354315
540,1963,5408334
540,1964,5464186
540,1965,5521982
540,1966,5581391
540,1967,5641810
540,1968,5702706
540,1969,5763693
540,1970,5852790
540,1971,5991114
540,1972,6174269
540,1973,6388534
540,1974,6613368
540,1975,6842952
540,1976,7074668
540,1977,7317837
540,1978,7576742
540,1979,7847207
540,1980,8133867
540,1981,8435605
540,1982,8751653
540,1983,9082985
540,1984,9425921
540,1985,9779125
540,1986,10139459
540,1987,10497863
540,1988,10861299
540,1989,11238562
540,1990,11626361
540,1991,12023532
540,1992,12423717
540,1993,12827136
540,1994,13249763
540,1995,13699780
540,1996,14170973
540,1997,14660419
540,1998,15159378
540,1999,15667235
540,2000,16194873
540,2001,16747204
540,2002,17327701
540,2003,17943718
540,2004,18600426
540,2005,19291160
540,2006,20015281
540,2007,20778570
540,2008,21578656
540,2009,22414775
540,2010,23294822
540,2011,24218358
540,2012,25177398
540,2013,26165616
540,2014,27160767
540,2015,28157802
540,2016,29183072
540,2017,30234836
540,2018,31297160
540,2019,32375633
540,2020,33451139
540,2021,34532427
540,2022,35635028
540,2023,36749909
540,2024,36749909
540,2025,36749909
541,1946,5513881
541,1947,5613130
541,1948,5714167
541,1949,5816523
541,1950,5910234
541,1951,5978159
541,1952,6050766
541,1953,6123119
541,1954,6196983
541,1955,6274475
541,1956,6355040
541,1957,6438186
541,1958,6521557
541,1959,6610404
541,1960,6713698
541,1961,6834938
541,1962,6969369
541,1963,7109827
541,1964,7255064
541,1965,7406419
541,1966,7562991
541,1967,7724556
541,1968,7892610
541,1969,8066952
541,1970,8250504
541,1971,8456324
541,1972,8692931
541,1973,8954248
541,1974,9236094
541,1975,9540822
541,1976,9867205
541,1977,10224974
541,1978,10618247
541,1979,11028809
541,1980,11336220
541,1981,11568123
541,1982,11824371
541,1983,12073825
541,1984,12315953
541,1985,12548951
541,1986,12770581
541,1987,12822573
541,1988,12800556
541,1989,12906842
541,1990,13094535
541,1991,13352091
541,1992,13613314
541,1993,14051203
541,1994,15033852
541,1995,15960530
541,1996,16492484
541,1997,16949988
541,1998,17340463
541,1999,17734499
541,2000,18129652
541,2001,18537735
541,2002,18958338
541,2003,19392477
541,2004,19840312
541,2005,20304577
541,2006,20787088
541,2007,21287638
541,2008,21819037
541,2009,22391751
541,2010,22999234
541,2011,23649045
541,2012,24337849
541,2013,25051613
541,2014,25788473
541,2015,26547576
541,2016,27337107
541,2017,28166397
541,2018,29018647
541,2019,29884378
541,2020,30783685
541,2021,31707798
541,2022,32656242
541,2023,33635163
541,2024,33635163
541,2025,33635163
551,1946,2147501
551,1947,2186156
551,1948,2225507
551,1949,2269541
551,1950,2321310
551,1951,2393306
551,1952,2467263
551,1953,2543546
551,1954,2622276
551,1955,2703549
551,1956,2787416
551,1957,2874074
551,1958,2963872
551,1959,3057056
551,1960,3153730
551,1961,3254085
551,1962,3358098
551,1963,3465914
551,1964,3577015
551,1965,3692088
551,1966,3812003
551,1967,3936350
551,1968,4065601
551,1969,4197117
551,1970,4321726
551,1971,4442528
551,1972,4569311
551,1973,4702694
551,1974,4842750
551,1975,4990087
551,1976,5143847
551,1977,5302477
551,1978,5465379
551,1979,5631734
551,1980,5802841
551,1981,5983299
551,1982,6178638
551,1983,6381045
551,1984,6580497
551,1985,6780953
551,1986,6986475
551,1987,7191285
551,1988,7391450
551,1989,7589226
551,1990,7786163
551,1991,7981653
551,1992,8176677
551,1993,8373920
551,1994,8576270
551,1995,8785768
551,1996,9004059
551,1997,9237064
551,1998,9482414
551,1999,9740013
551,2000,10017633
551,2001,10325186
551,2002,10647955
551,2003,10983604
551,2004,11338201
551,2005,11718819
551,2006,12129560
551,2007,12565093
551,2008,13021327
551,2009,13490395
551,2010,13965592
551,2011,14437796
551,2012,14913631
551,2013,15399000
551,2014,15895320
551,2015,16399092
551,2016,16914428
551,2017,17441328
551,2018,17973574
551,2019,18513839
551,2020,19059394
551,2021,19603610
551,2022,20152935
551,2023,20723967
551,2024,20723967
551,2025,20723967
552,1946,2567459
552,1947,2616729
552,1948,2666945
552,1949,2725021
552,1950,2790908
552,1951,2880901
552,1952,2972913
552,1953,3067172
552,1954,3163884
552,1955,3263221
552,1956,3365533
552,1957,3471158
552,1958,3580185
552,1959,3692810
552,1960,3809392
552,1961,3930402
552,1962,4055968
552,1963,4185875
552,1964,4320004
552,1965,4458457
552,1966,4601223
552,1967,4748309
552,1968,4900440
552,1969,5058185
552,1970,5215919
552,1971,5374719
552,1972,5542444
552,1973,5720413
552,1974,5908337
552,1975,6098653
552,1976,6287107
552,1977,6449517
552,1978,6543573
552,1979,6647557
552,1980,7041304
552,1981,7498641
552,1982,7796503
552,1983,8098408
552,1984,8391494
552,1985,8686815
552,1986,8982579
552,1987,9284649
552,1988,9583099
552,1989,9864797
552,1990,10137287
552,1991,10404820
552,1992,10702697
552,1993,10860285
552,1994,10873146
552,1995,10974607
552,1996,11158364
552,1997,11369833
552,1998,11594299
552,1999,11783454
552,2000,11892055
552,2001,11971904
552,2002,12087661
552,2003,12232324
552,2004,12365901
552,2005,12483433
552,2006,12636442
552,2007,12804062
552,2008,12959154
552,2009,13142791
552,2010,13356551
552,2011,13595421
552,2012,13817887
552,2013,14013811
552,2014,14207367
552,2015,14399008
552,2016,14600297
552,2017,14812484
552,2018,15034457
552,2019,15271377
552,2020,15526887
552,2021,15797220
552,2022,16069061
552,2023,16340829
552,2024,16340829
552,2025,16340829
553,1946,2742425
553,1947,2791789
553,1948,2842041
553,1949,2894667
553,1950,2950299
553,1951,3002886
553,1952,3059382
553,1953,3119242
553,1954,3181539
553,1955,3246543
553,1956,3315299
553,1957,3387745
553,1958,3463947
553,1959,3544167
553,1960,3628136
553,1961,3715543
553,1962,3806310
553,1963,3900513
553,1964,3997309
553,1965,4096158
553,1966,4197929
553,1967,4303018
553,1968,4411055
553,1969,4521184
553,1970,4633949
553,1971,4751441
553,1972,4874479
553,1973,5003935
553,1974,5141342
553,1975,5287371
553,1976,5443390
553,1977,5614993
553,1978,5810135
553,1979,6028750
553,1980,6265529
553,1981,6516460
553,1982,6778885
553,1983,7051707
553,1984,7332811
553,1985,7620509
553,1986,7906485
553,1987,8293173
553,1988,8753265
553,1989,9176223
553,1990,9545860
553,1991,9844228
553,1992,10135082
553,1993,10284027
553,1994,10164899
553,1995,10150122
553,1996,10352227
553,1997,10562035
553,1998,10792877
553,1999,11047812
553,2000,11315947
553,2001,11593057
553,2002,11880443
553,2003,12181575
553,2004,12500736
553,2005,12840034
553,2006,13198699
553,2007,13576344
553,2008,13976415
553,2009,14395788
553,2010,14826466
553,2011,15265026
553,2012,15709577
553,2013,16161816
553,2014,16621534
553,2015,17085587
553,2016,17557741
553,2017,18039714
553,2018,18528086
553,2019,19025748
553,2020,19533885
553,2021,20047264
553,2022,20568731
553,2023,21104480
553,2024,21104480
553,2025,21104480
560,1946,12040737
560,1947,12271803
560,1948,12507304
560,1949,12764367
560,1950,13038501
560,1951,13309025
560,1952,13595546
560,1953,13892917
560,1954,14203781
560,1955,14533371
560,1956,14880686
560,1957,15244838
560,1958,15620420
560,1959,16014970
560,1960,16440175
560,1961,16908039
560,1962,17418522
560,1963,17954560
560,1964,18511367
560,1965,19089382
560,1966,19690084
560,1967,20314072
560,1968,20957287
560,1969,21614679
560,1970,22279990
560,1971,22942145
560,1972,23609457
560,1973,24294264
560,1974,24989109
560,1975,25690943
560,1976,26395451
560,1977,27118951
560,1978,27869506
560,1979,28634161
560,1980,29518857
560,1981,30541046
560,1982,31615339
560,1983,32739308
560,1984,33892793
560,1985,35042097
560,1986,36180519
560,1987,37326192
560,1988,38480647
560,1989,39628574
560,1990,40746274
560,1991,41687903
560,1992,42443510
560,1993,43297155
560,1994,44004140
560,1995,44541557
560,1996,45123023
560,1997,45666835
560,1998,46223888
560,1999,46730331
560,2000,47159715
560,2001,47566805
560,2002,48019414
560,2003,48500351
560,2004,48991420
560,2005,49490041
560,2006,49998271
560,2007,50528575
560,2008,51114595
560,2009,51728518
560,2010,52344047
560,2011,52995212
560,2012,53782570
560,2013,54678789
560,2014,55594840
560,2015,56723536
560,2016,57259550
560,2017,57635158
560,2018,58613001
560,2019,59587880
560,2020,60562374
560,2021,61502602
560,2022,62378417
560,2023,63212386
560,2024,63212386
560,2025,63212386
565,1946,476463
565,1947,485607
565,1948,494926
565,1949,504644
565,1950,514598
565,1951,520398
565,1952,526639
565,1953,533236
565,1954,540017
565,1955,547091
565,1956,554566
565,1957,562592
565,1958,571341
565,1959,580927
565,1960,591473
565,1961,603074
565,1962,615760
565,1963,629592
565,1964,644539
565,1965,660568
565,1966,677663
565,1967,696051
565,1968,715551
565,1969,736125
565,1970,757876
565,1971,780588
565,1972,804411
565,1973,828932
565,1974,854325
565,1975,881041
565,1976,906574
565,1977,931118
565,1978,947277
565,1979,962826
565,1980,981440
565,1981,992508
565,1982,1010315
565,1983,1037519
565,1984,1065996
565,1985,1096896
565,1986,1131083
565,1987,1167898
565,1988,1209700
565,1989,1288956
565,1990,1369309
565,1991,1415689
565,1992,1461324
565,1993,1508698
565,1994,1556315
565,1995,1602181
565,1996,1646107
565,1997,1689274
565,1998,1732747
565,1999,1776371
565,2000,1818650
565,2001,1857059
565,2002,1889976
565,2003,1917469
565,2004,1942087
565,2005,1966581
565,2006,1991890
565,2007,2018607
565,2008,2047059
565,2009,2077400
565,2010,2109815
565,2011,2146331
565,2012,2194656
565,2013,2252505
565,2014,2312143
565,2015,2374305
565,2016,2439219
565,2017,2506854
565,2018,2577327
565,2019,2650499
565,2020,2728760
565,2021,2810552
565,2022,2889668
565,2023,2963102
565,2024,2963102
565,2025,2963102
570,1946,538520
570,1947,548855
570,1948,559387
570,1949,569597
570,1950,579554
570,1951,590270
570,1952,601947
570,1953,614478
570,1954,627902
570,1955,642186
570,1956,657317
570,1957,674674
570,1958,694324
570,1959,714949
570,1960,736507
570,1961,758833
570,1962,781819
570,1963,805374
570,1964,829442
570,1965,854094
570,1966,881879
570,1967,913986
570,1968,948108
570,1969,983200
570,1970,1019273
570,1971,1056248
570,1972,1094069
570,1973,1132706
570,1974,1172420
570,1975,1213650
570,1976,1253217
570,1977,1289966
570,1978,1327244
570,1979,1366171
570,1980,1406530
570,1981,1448073
570,1982,1490732
570,1983,1534414
570,1984,1578992
570,1985,1624385
570,1986,1666140
570,1987,1703395
570,1988,1739847
570,1989,1775437
570,1990,1809698
570,1991,1842383
570,1992,1873281
570,1993,1901799
570,1994,1927708
570,1995,1951441
570,1996,1972424
570,1997,1988140
570,1998,1998048
570,1999,2003238
570,2000,2003919
570,2001,2000859
570,2002,1994686
570,2003,1985060
570,2004,1971130
570,2005,1953080
570,2006,1945066
570,2007,1953273
570,2008,1966547
570,2009,1980884
570,2010,1996256
570,2011,2014015
570,2012,2034363
570,2013,2056509
570,2014,2080091
570,2015,2104614
570,2016,2130424
570,2017,2157117
570,2018,2183611
570,2019,2209414
570,2020,2235727
570,2021,2261549
570,2022,2286112
570,2023,2311476
570,2024,2311476
570,2025,2311476
571,1946,381841
571,1947,389168
571,1948,396637
571,1949,404733
571,1950,413708
571,1951,423568
571,1952,433719
571,1953,443979
571,1954,454051
571,1955,463935
571,1956,473785
571,1957,483798
571,1958,494112
571,1959,504883
571,1960,516174
571,1961,527952
571,1962,540189
571,1963,552977
571,1964,566282
571,1965,574670
571,1966,577876
571,1967,580938
571,1968,583974
571,1969,587078
571,1970,590338
571,1971,600488
571,1972,622416
571,1973,652420
571,1974,685455
571,1975,720389
571,1976,758514
571,1977,799587
571,1978,849246
571,1979,901754
571,1980,937493
571,1981,970003
571,1982,1009273
571,1983,1046148
571,1984,1083665
571,1985,1121954
571,1986,1160655
571,1987,1199180
571,1988,1235488
571,1989,1270279
571,1990,1305699
571,1991,1341767
571,1992,1380038
571,1993,1420120
571,1994,1460030
571,1995,1498842
571,1996,1535917
571,1997,1571700
571,1998,1606906
571,1999,1642006
571,2000,1677384
571,2001,1712264
571,2002,1744765
571,2003,1775744
571,2004,1807153
571,2005,1839881
571,2006,1874526
571,2007,1911200
571,2008,1949973
571,2009,1990671
571,2010,2033110
571,2011,2073538
571,2012,2108617
571,2013,2140687
571,2014,2172053
571,2015,2203276
571,2016,2234784
571,2017,2266749
571,2018,2299149
571,2019,2332082
571,2020,2365895
571,2021,2401448
571,2022,2439895
571,2023,2480242
571,2024,2480242
571,2025,2480242
572,1946,250973
572,1947,255790
572,1948,260698
572,1949,265978
572,1950,271670
572,1951,278618
572,1952,285637
572,1953,292742
572,1954,299943
572,1955,307222
572,1956,314620
572,1957,322131
572,1958,329770
572,1959,337521
572,1960,345339
572,1961,353265
572,1962,361376
572,1963,369768
572,1964,378660
572,1965,388342
572,1966,398773
572,1967,409044
572,1968,419154
572,1969,429884
572,1970,441223
572,1971,453192
572,1972,465791
572,1973,479043
572,1974,493004
572,1975,507675
572,1976,523339
572,1977,540353
572,1978,558446
572,1979,577208
572,1980,596657
572,1981,616816
572,1982,637656
572,1983,658958
572,1984,680790
572,1985,706204
572,1986,734736
572,1987,763812
572,1988,799806
572,1989,837810
572,1990,872436
572,1991,908193
572,1992,943426
572,1993,971327
572,1994,971221
572,1995,970439
572,1996,989847
572,1997,1006647
572,1998,1019657
572,1999,1030785
572,2000,1041428
572,2001,1051066
572,2002,1059456
572,2003,1066706
572,2004,1073170
572,2005,1079022
572,2006,1084442
572,2007,1090713
572,2008,1098098
572,2009,1105158
572,2010,1111651
572,2011,1117845
572,2012,1123870
572,2013,1130000
572,2014,1136305
572,2015,1142822
572,2016,1149516
572,2017,1158198
572,2018,1168933
572,2019,1179885
572,2020,1192734
572,2021,1206598
572,2022,1218921
572,2023,1230507
572,2024,1230507
572,2025,1230507
580,1946,3668033
580,1947,3734058
580,1948,3801271
580,1949,3874476
580,1950,3956077
580,1951,4057204
580,1952,4160844
580,1953,4267535
580,1954,4377321
580,1955,4490119
580,1956,4606423
580,1957,4726637
580,1958,4850852
580,1959,4979096
580,1960,5111033
580,1961,5246163
580,1962,5384155
580,1963,5525189
580,1964,5669867
580,1965,5819117
580,1966,5974281
580,1967,6136495
580,1968,6306501
580,1969,6484718
580,1970,6672004
580,1971,6868874
580,1972,7074405
580,1973,7288053
580,1974,7509733
580,1975,7739341
580,1976,7976838
580,1977,8222240
580,1978,8475862
580,1979,8737585
580,1980,9006039
580,1981,9279017
580,1982,9557679
580,1983,9843046
580,1984,10134559
580,1985,10433143
580,1986,10736862
580,1987,11047297
580,1988,11369458
580,1989,11705002
580,1990,12055649
580,1991,12421413
580,1992,12800870
580,1993,13197353
580,1994,13613859
580,1995,14051279
580,1996,14510712
580,1997,14990818
580,1998,15489364
580,1999,16000506
580,2000,16516336
580,2001,17032933
580,2002,17549915
580,2003,18071860
580,2004,18606606
580,2005,19159711
580,2006,19730916
580,2007,20318590
580,2008,20923842
580,2009,21547277
580,2010,22183343
580,2011,22822305
580,2012,23462444
580,2013,24109290
580,2014,24764356
580,2015,25426703
580,2016,26099950
580,2017,26788379
580,2018,27494930
580,2019,28219559
580,2020,28953560
580,2021,29691087
580,2022,30437261
580,2023,31195937
580,2024,31195937
580,2025,31195937
581,1946,155990
581,1947,157086
581,1948,158190
581,1949,159762
581,1950,161951
581,1951,165543
581,1952,168983
581,1953,172609
581,1954,176152
581,1955,179597
581,1956,182966
581,1957,186578
581,1958,190577
581,1959,194298
581,1960,197710
581,1961,201210
581,1962,204712
581,1963,208199
581,1964,211651
581,1965,214981
581,1966,218670
581,1967,223869
581,1968,230258
581,1969,237008
581,1970,244196
581,1971,251878
581,1972,260085
581,1973,268827
581,1974,278084
581,1975,287702
581,1976,297547
581,1977,307588
581,1978,317695
581,1979,327805
581,1980,337728
581,1981,347393
581,1982,357150
581,1983,367241
581,1984,377644
581,1985,388357
581,1986,399328
581,1987,410445
581,1988,421697
581,1989,433110
581,1990,444601
581,1991,455563
581,1992,465118
581,1993,473681
581,1994,482148
581,1995,490594
581,1996,499113
581,1997,507779
581,1998,516606
581,1999,525894
581,2000,536084
581,2001,547221
581,2002,558927
581,2003,569808
581,2004,580711
581,2005,592679
581,2006,604752
581,2007,616935
581,2008,629314
581,2009,641949
581,2010,654846
581,2011,668064
581,2012,681637
581,2013,696203
581,2014,711512
581,2015,726685
581,2016,741745
581,2017,756672
581,2018,771597
581,2019,786582
581,2020,802172
581,2021,818178
581,2022,834191
581,2023,850390
581,2024,850390
581,2025,850390
590,1946,491533
590,1947,498391
590,1948,505345
590,1949,514332
590,1950,525560
590,1951,541172
590,1952,557187
590,1953,571925
590,1954,585487
590,1955,599593
590,1956,614565
590,1957,630414
590,1958,647158
590,1959,664841
590,1960,680332
590,1961,692533
590,1962,705283
590,1963,720357
590,1964,736546
590,1965,752668
590,1966,768652
590,1967,784260
590,1968,799288
590,1969,813740
590,1970,827700
590,1971,841116
590,1972,853610
590,1973,865153
590,1974,876473
590,1975,888031
590,1976,899858
590,1977,912153
590,1978,925287
590,1979,939395
590,1980,954221
590,1981,969222
590,1982,983609
590,1983,997375
590,1984,1011247
590,1985,1025066
590,1986,1038348
590,1987,1051115
590,1988,1063596
590,1989,1075985
590,1990,1089033
590,1991,1103050
590,1992,1117676
590,1993,1132397
590,1994,1146559
590,1995,1159824
590,1996,1172390
590,1997,1184304
590,1998,1195111
590,1999,1205903
590,2000,1216632
590,2001,1225807
590,2002,1234090
590,2003,1242094
590,2004,1249799
590,2005,1257215
590,2006,1263785
590,2007,1269522
590,2008,1274635
590,2009,1278976
590,2010,1282710
590,2011,1286270
590,2012,1289174
590,2013,1290988
590,2014,1292006
590,2015,1292283
590,2016,1291807
590,2017,1290654
590,2018,1288836
590,2019,1286269
590,2020,1283231
590,2021,1279628
590,2022,1276134
590,2023,1273591
590,2024,1273591
590,2025,1273591
591,1946,37209
591,1947,37313
591,1948,37417
591,1949,37680
591,1950,38306
591,1951,38702
591,1952,39010
591,1953,39334
591,1954,39703
591,1955,40126
591,1956,40617
591,1957,41198
591,1958,41823
591,1959,42487
591,1960,43249
591,1961,44133
591,1962,45088
591,1963,46099
591,1964,47164
591,1965,48295
591,1966,49476
591,1967,50686
591,1968,51904
591,1969,53104
591,1970,54276
591,1971,55534
591,1972,56913
591,1973,58320
591,1974,59765
591,1975,61236
591,1976,62762
591,1977,64117
591,1978,65008
591,1979,65625
591,1980,66281
591,1981,66974
591,1982,67666
591,1983,68379
591,1984,69103
591,1985,69837
591,1986,70582
591,1987,71358
591,1988,72229
591,1989,73142
591,1990,74000
591,1991,74838
591,1992,75630
591,1993,76420
591,1994,77279
591,1995,78144
591,1996,78901
591,1997,79670
591,1998,80738
591,1999,82033
591,2000,83339
591,2001,84621
591,2002,85878
591,2003,87056
591,2004,88175
591,2005,89288
591,2006,90391
591,2007,91483
591,2008,92563
591,2009,93644
591,2010,94993
591,2011,97041
591,2012,99565
591,2013,102108
591,2014,104663
591,2015,107247
591,2016,109836
591,2017,112443
591,2018,115053
591,2019,117662
591,2020,120299
591,2021,123000
591,2022,125533
591,2023,127961
591,2024,127961
591,2025,127961
600,1946,8369954
600,1947,8495694
600,1948,8623322
600,1949,8773203
600,1950,8935456
600,1951,9159293
600,1952,9394882
600,1953,9639571
600,1954,9893319
600,1955,10158130
600,1956,10434022
600,1957,10720555
600,1958,11013746
600,1959,11317012
600,1960,11624932
600,1961,11931097
600,1962,12253096
600,1963,12577499
600,1964,12898882
600,1965,13239173
600,1966,13597063
600,1967,13968180
600,1968,14347897
600,1969,14734252
600,1970,15129453
600,1971,15527227
600,1972,15924695
600,1973,16326276
600,1974,16733850
600,1975,17150790
600,1976,17574187
600,1977,18014761
600,1978,18477383
600,1979,18955587
600,1980,19459942
600,1981,19985407
600,1982,20520324
600,1983,21060697
600,1984,21593777
600,1985,22113953
600,1986,22600803
600,1987,23054390
600,1988,23500528
600,1989,23939414
600,1990,24375558
600,1991,24799016
600,1992,25212469
600,1993,25614586
600,1994,26000824
600,1995,26399431
600,1996,26808109
600,1997,27213340
600,1998,27621638
600,1999,28027188
600,2000,28423439
600,2001,28814646
600,2002,29198146
600,2003,29571415
600,2004,29953021
600,2005,30358145
600,2006,30771179
600,2007,31186468
600,2008,31606769
600,2009,32030779
600,2010,32467009
600,2011,32912585
600,2012,33355246
600,2013,33787573
600,2014,34204784
600,2015,34607590
600,2016,35023459
600,2017,35446395
600,2018,35839760
600,2019,36210907
600,2020,36584208
600,2021,36954443
600,2022,37329068
600,2023,37712516
600,2024,37712516
600,2025,37712516
615,1946,8476669
615,1947,8604011
615,1948,8733267
615,1949,8871792
615,1950,9018423
615,1951,9269870
615,1952,9521212
615,1953,9772644
615,1954,10014393
615,1955,10247429
615,1956,10482183
615,1957,10717503
615,1958,10953641
615,1959,11189621
615,1960,11424930
615,1961,11628877
615,1962,11800768
615,1963,11982121
615,1964,12179807
615,1965,12365979
615,1966,12590068
615,1967,12876115
615,1968,13172615
615,1969,13475959
615,1970,13783722
615,1971,14098937
615,1972,14427075
615,1973,14771150
615,1974,15133508
615,1975,15678603
615,1976,16409171
615,1977,17015988
615,1978,17506977
615,1979,18036655
615,1980,18607175
615,1981,19220708
615,1982,19872353
615,1983,20558120
615,1984,21271969
615,1985,22008542
615,1986,22745501
615,1987,23443627
615,1988,24109538
615,1989,24754488
615,1990,25375815
615,1991,25987937
615,1992,26628570
615,1993,27277042
615,1994,27887277
615,1995,28470194
615,1996,29033045
615,1997,29579299
615,1998,30054135
615,1999,30474360
615,2000,30903894
615,2001,31331226
615,2002,31750832
615,2003,32175813
615,2004,32628286
615,2005,33109258
615,2006,33623505
615,2007,34189420
615,2008,34816963
615,2009,35490442
615,2010,36188237
615,2011,36903374
615,2012,37646165
615,2013,38414176
615,2014,39205035
615,2015,40019528
615,2016,40850719
615,2017,41689302
615,2018,42505033
615,2019,43294551
615,2020,44042094
615,2021,44761099
615,2022,45477391
615,2023,46164222
615,2024,46164222
615,2025,46164222
616,1946,3389413
616,1947,3440331
616,1948,3492014
616,1949,3547297
616,1950,3608997
616,1951,3682102
616,1952,3758189
616,1953,3837404
616,1954,3919526
616,1955,4005135
616,1956,4082608
616,1957,4136609
616,1958,4177717
616,1959,4220907
616,1960,4267299
616,1961,4316281
616,1962,4369139
616,1963,4427131
616,1964,4489875
616,1965,4561390
616,1966,4652294
616,1967,4760975
616,1968,4879909
616,1969,5004694
616,1970,5131394
616,1971,5261660
616,1972,5396564
616,1973,5537244
616,1974,5684686
616,1975,5839266
616,1976,5996993
616,1977,6155927
616,1978,6309393
616,1979,6456418
616,1980,6606194
616,1981,6758291
616,1982,6908649
616,1983,7053797
616,1984,7220050
616,1985,7409907
616,1986,7600300
616,1987,7789990
616,1988,7974447
616,1989,8151665
616,1990,8324509
616,1991,8501826
616,1992,8682509
616,1993,8857916
616,1994,9018447
616,1995,9161263
616,1996,9294433
616,1997,9421273
616,1998,9541669
616,1999,9655966
616,2000,9764940
616,2001,9869679
616,2002,9971521
616,2003,10071638
616,2004,10166170
616,2005,10255474
616,2006,10346408
616,2007,10441705
616,2008,10542637
616,2009,10650682
616,2010,10765984
616,2011,10886041
616,2012,11009649
616,2013,11141365
616,2014,11274295
616,2015,11402270
616,2016,11528676
616,2017,11650504
616,2018,11765515
616,2019,11875084
616,2020,11974058
616,2021,12048625
616,2022,12119338
616,2023,12200434
616,2024,12200434
616,2025,12200434
620,1946,1017838
620,1947,1044792
620,1948,1072459
620,1949,1101077
620,1950,1131471
620,1951,1145389
620,1952,1162480
620,1953,1183300
620,1954,1208183
620,1955,1241389
620,1956,1282962
620,1957,1328858
620,1958,1379206
620,1959,1433965
620,1960,1492890
620,1961,1555703
620,1962,1621960
620,1963,1690458
620,1964,1753692
620,1965,1804016
620,1966,1849066
620,1967,1898203
620,1968,1952789
620,1969,2014294
620,1970,2082597
620,1971,2153537
620,1972,2226105
620,1973,2314200
620,1974,2432218
620,1975,2571563
620,1976,2721246
620,1977,2881540
620,1978,3052532
620,1979,3233849
620,1980,3424375
620,1981,3621488
620,1982,3724772
620,1983,3718966
620,1984,3773639
620,1985,3898746
620,1986,4017403
620,1987,4129743
620,1988,4237757
620,1989,4342927
620,1990,4445243
620,1991,4544404
620,1992,4640360
620,1993,4733053
620,1994,4822039
620,1995,4906851
620,1996,4987402
620,1997,5064642
620,1998,5140711
620,1999,5218039
620,2000,5305020
620,2001,5403639
620,2002,5508412
620,2003,5619405
620,2004,5736696
620,2005,5858793
620,2006,5980212
620,2007,6104381
620,2008,6235433
620,2009,6366689
620,2010,6497837
620,2011,6343210
620,2012,6179327
620,2013,6304636
620,2014,6427260
620,2015,6531825
620,2016,6632130
620,2017,6738771
620,2018,6849058
620,2019,6951040
620,2020,7045403
620,2021,7135179
620,2022,7223804
620,2023,7305659
620,2024,7305659
620,2025,7305659
625,1946,6048971
625,1947,6075924
625,1948,6102996
625,1949,6130189
625,1950,6189915
625,1951,6376064
625,1952,6568611
625,1953,6765905
625,1954,6969640
625,1955,7181691
625,1956,7401596
625,1957,7629457
625,1958,7863036
625,1959,8106484
625,1960,8364491
625,1961,8634940
625,1962,8919031
625,1963,9218078
625,1964,9531108
625,1965,9858033
625,1966,10197582
625,1967,10550600
625,1968,10918006
625,1969,11298939
625,1970,11695768
625,1971,12105542
625,1972,12527859
625,1973,13049322
625,1974,13580729
625,1975,14064803
625,1976,14569724
625,1977,15086623
625,1978,15695004
625,1979,16355353
625,1980,17058908
625,1981,17780576
625,1982,18486645
625,1983,19109775
625,1984,19546531
625,1985,19905872
625,1986,20288246
625,1987,20704903
625,1988,21138430
625,1989,21578027
625,1990,22021484
625,1991,22470676
625,1992,22927356
625,1993,23445599
625,1994,24043951
625,1995,24672144
625,1996,25231534
625,1997,25799826
625,1998,26458999
625,1999,27130619
625,2000,27816748
625,2001,28516774
625,2002,29228728
625,2003,29896038
625,2004,30556641
625,2005,31262447
625,2006,31992438
625,2007,32764139
625,2008,33623980
625,2009,34569114
625,2010,35414403
625,2011,36140808
625,2012,36923175
625,2013,37785852
625,2014,38823324
625,2015,40024433
625,2016,41259892
625,2017,42714311
625,2018,44230597
625,2019,45548179
625,2020,46789237
625,2021,48066930
625,2022,49383344
625,2023,50042800
625,2024,50042800
625,2025,50042800
626,1946,2434778
626,1947,2445627
626,1948,2456524
626,1949,2467469
626,1950,2493286
626,1951,2529620
626,1952,2569208
626,1953,2611735
626,1954,2657098
626,1955,2705090
626,1956,2754597
626,1957,2804099
626,1958,2848361
626,1959,2888781
626,1960,2931567
626,1961,2976728
626,1962,3024304
626,1963,3072675
626,1964,3129915
626,1965,3189833
626,1966,3236423
626,1967,3277648
626,1968,3321528
626,1969,3365534
626,1970,3409620
626,1971,3468646
626,1972,3542492
626,1973,3627387
626,1974,3723264
626,1975,3821494
626,1976,3921912
626,1977,4024037
626,1978,4127666
626,1979,4232613
626,1980,4339041
626,1981,4447275
626,1982,4557690
626,1983,4661577
626,1984,4750626
626,1985,4834296
626,1986,4921245
626,1987,4962397
626,1988,4848029
626,1989,4713234
626,1990,4737637
626,1991,4836686
626,1992,4909746
626,1993,4956006
626,1994,5071191
626,1995,5225840
626,1996,5356925
626,1997,5509142
626,1998,5620077
626,1999,5771632
626,2000,6032274
626,2001,6308399
626,2002,6596810
626,2003,6903129
626,2004,7233040
626,2005,7590147
626,2006,7976532
626,2007,8388785
626,2008,8817645
626,2009,9243560
626,2010,9745955
626,2011,10288112
626,2012,10756245
626,2013,11166280
626,2014,11235071
626,2015,11107569
626,2016,10830108
626,2017,10259150
626,2018,10122983
626,2019,10423382
626,2020,10698471
626,2021,10865786
626,2022,11021175
626,2023,11483370
626,2024,11483370
626,2025,11483370
630,1946,16071828
630,1947,16211624
630,1948,16352636
630,1949,16558920
630,1950,16510553
630,1951,16921282
630,1952,17344436
630,1953,17778109
630,1954,18226205
630,1955,18700800
630,1956,19204391
630,1957,19726844
630,1958,20266508
630,1959,20846777
630,1960,21470433
630,1961,22125729
630,1962,22807908
630,1963,23519008
630,1964,24262863
630,1965,25036982
630,1966,25829273
630,1967,26628430
630,1968,27437391
630,1969,28273483
630,1970,29145099
630,1971,30029069
630,1972,30921178
630,1973,31839835
630,1974,32796453
630,1975,33802971
630,1976,34837282
630,1977,35933181
630,1978,37126534
630,1979,38424956
630,1980,39842323
630,1981,41989316
630,1982,44272140
630,1983,46029540
630,1984,47793999
630,1985,49582289
630,1986,51446046
630,1987,53323491
630,1988,55072691
630,1989,56704920
630,1990,58380098
630,1991,59986931
630,1992,61184982
630,1993,61403548
630,1994,61520598
630,1995,62205571
630,1996,62881298
630,1997,63639637
630,1998,64519866
630,1999,65445389
630,2000,66418661
630,2001,67452005
630,2002,68011318
630,2003,68769343
630,2004,70256316
630,2005,71828455
630,2006,73392747
630,2007,74602648
630,2008,75514201
630,2009,76457831
630,2010,77420851
630,2011,78383602
630,2012,79370583
630,2013,80414689
630,2014,81502045
630,2015,82619365
630,2016,83812230
630,2017,85026761
630,2018,86117999
630,2019,87051649
630,2020,87723448
630,2021,88455490
630,2022,89524247
630,2023,90608708
630,2024,90608708
630,2025,90608708
640,1946,19454100
640,1947,19787490
640,1948,20126593
640,1949,20522505
640,1950,21021142
640,1951,21643878
640,1952,22290093
640,1953,22958552
640,1954,23636110
640,1955,24310513
640,1956,25057603
640,1957,25880920
640,1958,26704966
640,1959,27526336
640,1960,28329895
640,1961,29119235
640,1962,29916149
640,1963,30726846
640,1964,31543074
640,1965,32345213
640,1966,33177679
640,1967,34050420
640,1968,34921681
640,1969,35787778
640,1970,36638458
640,1971,37518610
640,1972,38430215
640,1973,39329533
640,1974,40210234
640,1975,41053123
640,1976,41899990
640,1977,42773301
640,1978,43645306
640,1979,44510430
640,1980,45408818
640,1981,46321190
640,1982,47322104
640,1983,48447413
640,1984,49574065
640,1985,50687118
640,1986,51777768
640,1987,52843671
640,1988,53909628
640,1989,54976719
640,1990,56015627
640,1991,57009892
640,1992,57990121
640,1993,58999164
640,1994,60033832
640,1995,61024501
640,1996,61951134
640,1997,62852968
640,1998,63734385
640,1999,64591916
640,2000,65425957
640,2001,66245125
640,2002,67048792
640,2003,67831735
640,2004,68592621
640,2005,69329557
640,2006,70045351
640,2007,70750593
640,2008,71562343
640,2009,72464846
640,2010,73346766
640,2011,74215203
640,2012,75197196
640,2013,76403032
640,2014,78036154
640,2015,80014222
640,2016,81652087
640,2017,83083667
640,2018,84415966
640,2019,85357670
640,2020,86091691
640,2021,86686254
640,2022,87058469
640,2023,87270502
640,2024,87270502
640,2025,87270502
645,1946,4967661
645,1947,5136009
645,1948,5310061
645,1949,5483614
645,1950,5653357
645,1951,5774132
645,1952,5913013
645,1953,6064249
645,1954,6219477
645,1955,6366279
645,1956,6507499
645,1957,6633379
645,1958,6741679
645,1959,6870386
645,1960,7022057
645,1961,7194561
645,1962,7413876
645,1963,7667932
645,1964,7929572
645,1965,8202145
645,1966,8485103
645,1967,8778876
645,1968,9085016
645,1969,9403356
645,1970,9735611
645,1971,10077818
645,1972,10430169
645,1973,10795872
645,1974,11167770
645,1975,11543643
645,1976,11927652
645,1977,12331051
645,1978,12753355
645,1979,13170372
645,1980,13591996
645,1981,14006379
645,1982,14406082
645,1983,14840558
645,1984,15310729
645,1985,15683431
645,1986,16074146
645,1987,16521051
645,1988,16908823
645,1989,17364553
645,1990,17581208
645,1991,17767257
645,1992,18300849
645,1993,19201195
645,1994,20139818
645,1995,20825859
645,1996,21501321
645,1997,22176604
645,1998,22884402
645,1999,23636530
645,2000,24424060
645,2001,25197842
645,2002,26006558
645,2003,26802660
645,2004,27577876
645,2005,28407450
645,2006,28616518
645,2007,28391606
645,2008,28971042
645,2009,30058207
645,2010,31045367
645,2011,32161425
645,2012,33654843
645,2013,35281987
645,2014,36550058
645,2015,37560535
645,2016,38469628
645,2017,39337358
645,2018,40265629
645,2019,41192172
645,2020,42116602
645,2021,43071208
645,2022,44070556
645,2023,45074055
645,2024,45074055
645,2025,45074055
651,1946,19072463
651,1947,19577521
651,1948,20095954
651,1949,20620147
651,1950,21148168
651,1951,21605922
651,1952,22104946
651,1953,22644148
651,1954,23212564
651,1955,23795234
651,1956,24387350
651,1957,24994417
651,1958,25600327
651,1959,26226866
651,1960,26896480
651,1961,27600903
651,1962,28337017
651,1963,29091868
651,1964,29858925
651,1965,30629174
651,1966,31406543
651,1967,32196366
651,1968,32998322
651,1969,33811619
651,1970,34623990
651,1971,35433370
651,1972,36258327
651,1973,37102044
651,1974,37969667
651,1975,38875326
651,1976,39795558
651,1977,40748878
651,1978,41761437
651,1979,42818635
651,1980,43950413
651,1981,45147226
651,1982,46407612
651,1983,47786401
651,1984,49247336
651,1985,50734974
651,1986,52206296
651,1987,53674436
651,1988,55187680
651,1989,56710641
651,1990,58396625
651,1991,60029001
651,1992,61480663
651,1993,62915681
651,1994,64285596
651,1995,65652621
651,1996,67028045
651,1997,68431738
651,1998,69943297
651,1999,71520953
651,2000,73083287
651,2001,74652035
651,2002,76239140
651,2003,77853548
651,2004,79477441
651,2005,81101012
651,2006,82700404
651,2007,84276224
651,2008,85864791
651,2009,87501635
651,2010,89196073
651,2011,91093066
651,2012,93161000
651,2013,95333551
651,2014,97528655
651,2015,99597334
651,2016,101644583
651,2017,103696055
651,2018,105682092
651,2019,107553159
651,2020,109315118
651,2021,110957005
651,2022,112618252
651,2023,114535772
651,2024,114535772
651,2025,114535772
652,1946,3325473
652,1947,3372457
652,1948,3420106
652,1949,3477013
652,1950,3612085
652,1951,3684867
652,1952,3765240
652,1953,3852829
652,1954,3947873
652,1955,4050600
652,1956,4160633
652,1957,4277735
652,1958,4401997
652,1959,4533776
652,1960,4673502
652,1961,4815459
652,1962,4959340
652,1963,5110471
652,1964,5269094
652,1965,5435268
652,1966,5609050
652,1967,5790195
652,1968,5978741
652,1969,6175173
652,1970,6380612
652,1971,6598098
652,1972,6826032
652,1973,7060328
652,1974,7302158
652,1975,7554368
652,1976,7817317
652,1977,8090507
652,1978,8372761
652,1979,8661911
652,1980,8957664
652,1981,9260187
652,1982,9572513
652,1983,9904814
652,1984,10258406
652,1985,10625673
652,1986,11002842
652,1987,11388916
652,1988,11782269
652,1989,12179070
652,1990,12579212
652,1991,12980824
652,1992,13385570
652,1993,13795687
652,1994,14208585
652,1995,14616804
652,1996,15018110
652,1997,15417539
652,1998,15820409
652,1999,16228064
652,2000,16637884
652,2001,17051337
652,2002,17468335
652,2003,17889297
652,2004,18336879
652,2005,18814092
652,2006,19637016
652,2007,20884136
652,2008,21636566
652,2009,21976971
652,2010,22482417
652,2011,22878104
652,2012,22759763
652,2013,21666921
652,2014,20273661
652,2015,19424615
652,2016,19193835
652,2017,19224671
652,2018,19577849
652,2019,20353536
652,2020,21049431
652,2021,21628837
652,2022,22462170
652,2023,23594623
652,2024,23594623
652,2025,23594623
660,1946,1246456
660,1947,1269818
660,1948,1293618
660,1949,1320170
660,1950,1349351
660,1951,1387575
660,1952,1427087
660,1953,1468018
660,1954,1510417
660,1955,1554070
660,1956,1599146
660,1957,1645925
660,1958,1693554
660,1959,1742776
660,1960,1794411
660,1961,1850090
660,1962,1909583
660,1963,1970319
660,1964,2030547
660,1965,2088838
660,1966,2148255
660,1967,2206736
660,1968,2266376
660,1969,2328162
660,1970,2386119
660,1971,2446319
660,1972,2509730
660,1973,2572932
660,1974,2635185
660,1975,2693197
660,1976,2726474
660,1977,2762162
660,1978,2822681
660,1979,2882635
660,1980,2944765
660,1981,3008985
660,1982,3054932
660,1983,3095001
660,1984,3152742
660,1985,3217377
660,1986,3300373
660,1987,3385557
660,1988,3454647
660,1989,3525288
660,1990,3595175
660,1991,3668916
660,1992,3747375
660,1993,3820652
660,1994,3889802
660,1995,3960741
660,1996,4034782
660,1997,4108409
660,1998,4181287
660,1999,4255278
660,2000,4329345
660,2001,4401923
660,2002,4463505
660,2003,4525513
660,2004,4599285
660,2005,4671105
660,2006,4751146
660,2007,4844119
660,2008,4925359
660,2009,4992295
660,2010,5041290
660,2011,5096018
660,2012,5235742
660,2013,5743441
660,2014,6346993
660,2015,6472470
660,2016,6323061
660,2017,6160129
660,2018,5984120
660,2019,5794601
660,2020,5702400
660,2021,5718129
660,2022,5744492
660,2023,5773494
660,2024,5773494
660,2025,5773494
663,1946,346033
663,1947,368401
663,1948,392215
663,1949,415581
663,1950,438808
663,1951,471160
663,1952,506449
663,1953,544109
663,1954,583856
663,1955,625572
663,1956,669110
663,1957,714362
663,1958,760829
663,1959,807612
663,1960,853471
663,1961,897599
663,1962,940564
663,1963,984720
663,1964,1035644
663,1965,1099446
663,1966,1178371
663,1967,1271186
663,1968,1372468
663,1969,1473101
663,1970,1565172
663,1971,1645148
663,1972,1714562
663,1973,1778096
663,1974,1839191
663,1975,1899059
663,1976,1958181
663,1977,2019008
663,1978,2083604
663,1979,2153891
663,1980,2234192
663,1981,2325528
663,1982,2426933
663,1983,2537307
663,1984,2654689
663,1985,2778819
663,1986,2909896
663,1987,3047634
663,1988,3193044
663,1989,3349638
663,1990,3621915
663,1991,3915152
663,1992,4127699
663,1993,4348018
663,1994,4561409
663,1995,4752097
663,1996,4912518
663,1997,5046287
663,1998,5164290
663,1999,5276450
663,2000,5386945
663,2001,5498900
663,2002,5616077
663,2003,5741837
663,2004,5882066
663,2005,6029597
663,2006,6427377
663,2007,6827235
663,2008,6989874
663,2009,7141763
663,2010,7297046
663,2011,7480431
663,2012,7587133
663,2013,7991812
663,2014,8791715
663,2015,9544730
663,2016,10006369
663,2017,10234227
663,2018,10462310
663,2019,10671893
663,2020,10865232
663,2021,11066356
663,2022,11256269
663,2023,11439220
663,2024,11439220
663,2025,11439220
666,1946,1098217
666,1947,1139421
666,1948,1182170
666,1949,1230283
666,1950,1289244
666,1951,1351813
666,1952,1414224
666,1953,1476336
666,1954,1538044
666,1955,1599497
666,1956,1660640
666,1957,1720530
666,1958,1779007
666,1959,1836348
666,1960,1891941
666,1961,1956894
666,1962,2040967
666,1963,2135049
666,1964,2231855
666,1965,2331450
666,1966,2433836
666,1967,2538658
666,1968,2645472
666,1969,2754159
666,1970,2864773
666,1971,2977303
666,1972,3079404
666,1973,3163042
666,1974,3239987
666,1975,3318087
666,1976,3398266
666,1977,3479619
666,1978,3560404
666,1979,3640877
666,1980,3721666
666,1981,3802233
666,1982,3883640
666,1983,3959631
666,1984,4033735
666,1985,4105362
666,1986,4168966
666,1987,4236875
666,1988,4307324
666,1989,4381512
666,1990,4544995
666,1991,4779892
666,1992,4957240
666,1993,5086041
666,1994,5216697
666,1995,5354734
666,1996,5499555
666,1997,5646476
666,1998,5790143
666,1999,5946079
666,2000,6111194
666,2001,6259977
666,2002,6387714
666,2003,6502821
666,2004,6615084
666,2005,6728212
666,2006,6844029
666,2007,6962456
666,2008,7082621
666,2009,7206096
666,2010,7336735
666,2011,7471023
666,2012,7607781
666,2013,7749369
666,2014,7897173
666,2015,8052916
666,2016,8210006
666,2017,8361796
666,2018,8510067
666,2019,8657466
666,2020,8800380
666,2021,8942925
666,2022,9103143
666,2023,9256311
666,2024,9256311
666,2025,9256311
670,1946,2958694
670,1947,2985912
670,1948,3013381
670,1949,3047907
670,1950,1703280
670,1951,1763610
670,1952,1826521
670,1953,1892173
670,1954,1960632
670,1955,2031965
670,1956,2106234
670,1957,2183545
670,1958,2264105
670,1959,2348014
670,1960,2435410
670,1961,2526350
670,1962,2620915
670,1963,2719347
670,1964,2821970
670,1965,2928780
670,1966,3039891
670,1967,3157247
670,1968,3282707
670,1969,3417123
670,1970,3562475
670,1971,3724039
670,1972,3905729
670,1973,4106346
670,1974,4323639
670,1975,4556289
670,1976,4807936
670,1977,5083043
670,1978,5381901
670,1979,5703704
670,1980,6047997
670,1981,6420554
670,1982,6824484
670,1983,7252947
670,1984,7697312
670,1985,8151782
670,1986,8628639
670,1987,9130207
670,1988,9629172
670,1989,10128397
670,1990,10640697
670,1991,11160752
670,1992,11686682
670,1993,12215864
670,1994,12750037
670,1995,13289246
670,1996,13831002
670,1997,14374948
670,1998,14922188
670,1999,15472076
670,2000,16177733
670,2001,17041405
670,2002,17910909
670,2003,18786771
670,2004,19669486
670,2005,20559886
670,2006,21459141
670,2007,22368313
670,2008,23287884
670,2009,24217656
670,2010,25157134
670,2011,26105636
670,2012,27062447
670,2013,28026825
670,2014,28998127
670,2015,29974944
670,2016,30717804
670,2017,30782400
670,2018,30365119
670,2019,30472809
670,2020,30991206
670,2021,31328374
670,2022,32175351
670,2023,33264289
670,2024,33264289
670,2025,33264289
678,1946,4508218
678,1947,4550655
678,1948,4593492
678,1949,4647434
678,1950,4616782
678,1951,4684151
678,1952,4758168
678,1953,4837297
678,1954,4921135
678,1955,5009669
678,1956,5103102
678,1957,5201614
678,1958,5305739
678,1959,5415917
678,1960,5532299
678,1961,5655237
678,1962,5782227
678,1963,5911141
678,1964,6048014
678,1965,6195597
678,1966,6351492
678,1967,6516449
678,1968,6690524
678,1969,6875859
678,1970,4880000
678,1971,4966000
678,1972,5055000
678,1973,5155000
678,1974,5272000
678,1975,5415000
678,1976,5585000
678,1977,5781000
678,1978,6000000
678,1979,6235000
678,1980,6483000
678,1981,6744000
678,1982,7020000
678,1983,7309000
678,1984,7608000
678,1985,7917000
678,1986,8231000
678,1987,8550000
678,1988,8891000
678,1989,9224000
678,1990,9632000
678,1991,14430205
678,1992,14989497
678,1993,15563919
678,1994,16149147
678,1995,16740057
678,1996,17313181
678,1997,17873943
678,1998,18446015
678,1999,19029421
678,2000,19624139
678,2001,20226146
678,2002,20835092
678,2003,21456379
678,2004,22095161
678,2005,22790082
678,2006,23543090
678,2007,24318090
678,2008,25111941
678,2009,25927723
678,2010,26754383
678,2011,27582902
678,2012,28433655
678,2013,29312955
678,2014,30226311
678,2015,31159378
678,2016,32109023
678,2017,33090923
678,2018,34085181
678,2019,35111416
678,2020,36134867
678,2021,37140234
678,2022,38222878
678,2023,39390800
678,2024,39390800
678,2025,39390800
680,1970,1511000
680,1971,1544000
680,1972,1577000
680,1973,1609000
680,1974,1643000
680,1975,1678000
680,1976,1716000
680,1977,1757000
680,1978,1800000
680,1979,1847000
680,1980,1898000
680,1981,1955000
680,1982,2016000
680,1983,2082000
680,1984,2150000
680,1985,2220000
680,1986,2290000
680,1987,2362000
680,1988,2438000
680,1989,2567000
680,1990,2681000
680,1991,2681000
680,1992,2681000
680,1993,2681000
680,1994,2681000
680,1995,2681000
680,1996,2681000
680,1997,2681000
680,1998,2681000
680,1999,2681000
680,2000,2681000
680,2001,2681000
680,2002,2681000
680,2003,2681000
680,2004,2681000
680,2005,2681000
680,2006,2681000
680,2007,2681000
680,2008,2681000
680,2009,2681000
680,2010,2681000
680,2011,2681000
680,2012,2681000
680,2013,2681000
680,2014,2681000
680,2015,2681000
680,2016,2681000
680,2017,2681000
680,2018,2681000
680,2019,2681000
680,2020,2681000
680,2021,2681000
680,2022,2681000
680,2023,2681000
680,2024,2681000
680,2025,2681000
690,1946,142963
690,1947,144177
690,1948,145401
690,1949,148537
690,1950,153973
690,1951,158462
690,1952,163169
690,1953,168102
690,1954,173256
690,1955,186125
690,1956,207222
690,1957,227052
690,1958,250216
690,1959,279532
690,1960,311066
690,1961,345953
690,1962,385005
690,1963,427702
690,1964,473122
690,1965,521180
690,1966,572597
690,1967,628104
690,1968,687726
690,1969,749460
690,1970,809118
690,1971,865079
690,1972,920358
690,1973,977665
690,1974,1038354
690,1975,1104869
690,1976,1178717
690,1977,1258029
690,1978,1340323
690,1979,1423523
690,1980,1504789
690,1981,1583428
690,1982,1662489
690,1983,1744302
690,1984,1820692
690,1985,1894255
690,1986,1972520
690,1987,2053007
690,1988,2134708
690,1989,2217470
690,1990,1684833
690,1991,1351403
690,1992,1634968
690,1993,1672158
690,1994,1664371
690,1995,1681518
690,1996,1730255
690,1997,1787692
690,1998,1844308
690,1999,1900035
690,2000,1954713
690,2001,2008127
690,2002,2059983
690,2003,2109886
690,2004,2157329
690,2005,2236797
690,2006,2364741
690,2007,2507890
690,2008,2651433
690,2009,2795489
690,2010,2943374
690,2011,3132815
690,2012,3337025
690,2013,3507755
690,2014,3665769
690,2015,3834465
690,2016,4003976
690,2017,4154686
690,2018,4323389
690,2019,4442201
690,2020,4400146
690,2021,4360748
690,2022,4589514
690,2023,4838781
690,2024,4838781
690,2025,4838781
692,1946,116689
692,1947,116178
692,1948,115668
692,1949,115984
692,1950,117275
692,1951,120764
692,1952,124466
692,1953,128386
692,1954,132575
692,1955,137080
692,1956,141931
692,1957,147163
692,1958,152823
692,1959,158935
692,1960,165490
692,1961,172358
692,1962,179361
692,1963,186512
692,1964,193830
692,1965,200877
692,1966,207550
692,1967,214198
692,1968,219347
692,1969,222480
692,1970,224817
692,1971,230744
692,1972,242129
692,1973,255334
692,1974,269047
692,1975,283251
692,1976,297871
692,1977,312825
692,1978,328059
692,1979,343461
692,1980,358990
692,1981,373534
692,1982,386992
692,1983,400721
692,1984,415164
692,1985,430365
692,1986,446290
692,1987,462862
692,1988,479931
692,1989,497329
692,1990,514799
692,1991,531883
692,1992,547753
692,1993,562820
692,1994,577960
692,1995,593230
692,1996,608593
692,1997,624019
692,1998,639391
692,1999,654622
692,2000,669589
692,2001,699964
692,2002,752205
692,2003,811276
692,2004,871446
692,2005,932618
692,2006,994626
692,2007,1057419
692,2008,1120718
692,2009,1183616
692,2010,1213248
692,2011,1206733
692,2012,1216307
692,2013,1257206
692,2014,1312857
692,2015,1369656
692,2016,1429609
692,2017,1482003
692,2018,1497634
692,2019,1485675
692,2020,1483081
692,2021,1501762
692,2022,1533460
692,2023,1569674
692,2024,1569674
692,2025,1569674
694,1946,22727
694,1947,22920
694,1948,23115
694,1949,23565
694,1950,24304
694,1951,25091
694,1952,25911
694,1953,26763
694,1954,27641
694,1955,28558
694,1956,29549
694,1957,30656
694,1958,31991
694,1959,33678
694,1960,36025
694,1961,39701
694,1962,44651
694,1963,50396
694,1964,56882
694,1965,64082
694,1966,72207
694,1967,81455
694,1968,91762
694,1969,103042
694,1970,116370
694,1971,131356
694,1972,146518
694,1973,161854
694,1974,177372
694,1975,193103
694,1976,209067
694,1977,225298
694,1978,241820
694,1979,258678
694,1980,275923
694,1981,293561
694,1982,311544
694,1983,329720
694,1984,347894
694,1985,365950
694,1986,382426
694,1987,397012
694,1988,411273
694,1989,425658
694,1990,440184
694,1991,454860
694,1992,469657
694,1993,484553
694,1994,499469
694,1995,514334
694,1996,529024
694,1997,550511
694,1998,580543
694,1999,612510
694,2000,644993
694,2001,677934
694,2002,711215
694,2003,744690
694,2004,773341
694,2005,825419
694,2006,972841
694,2007,1208601
694,2008,1426942
694,2009,1586052
694,2010,1709238
694,2011,1810960
694,2012,1907122
694,2013,2032650
694,2014,2218378
694,2015,2427340
694,2016,2599382
694,2017,2706716
694,2018,2761144
694,2019,2797927
694,2020,2803375
694,2021,2814988
694,2022,2892466
694,2023,2979086
694,2024,2979086
694,2025,2979086
696,1946,70871
696,1947,71473
696,1948,72080
696,1949,73113
696,1950,74532
696,1951,79554
696,1952,84780
696,1953,90166
696,1954,95670
696,1955,101272
696,1956,106976
696,1957,112797
696,1958,118776
696,1959,124949
696,1960,131348
696,1961,138002
696,1962,144963
696,1963,152223
696,1964,159702
696,1965,167121
696,1966,173988
696,1967,179708
696,1968,199432
696,1969,239676
696,1970,286553
696,1971,335042
696,1972,385025
696,1973,436407
696,1974,489098
696,1975,542868
696,1976,615871
696,1977,710216
696,1978,809285
696,1979,912016
696,1980,1015711
696,1981,1099864
696,1982,1166383
696,1983,1235309
696,1984,1306005
696,1985,1377918
696,1986,1467386
696,1987,1574258
696,1988,1681797
696,1989,1789858
696,1990,1898220
696,1991,2006630
696,1992,2114738
696,1993,2222098
696,1994,2328191
696,1995,2434667
696,1996,2597570
696,1997,2817410
696,1998,3040432
696,1999,3266011
696,2000,3493583
696,2001,3723596
696,2002,3956829
696,2003,4192465
696,2004,4428964
696,2005,4664797
696,2006,5009106
696,2007,5624640
696,2008,6302669
696,2009,6707063
696,2010,6938372
696,2011,7199436
696,2012,7497122
696,2013,7831851
696,2014,8236880
696,2015,8674633
696,2016,9030873
696,2017,9234330
696,2018,9346870
696,2019,9377855
696,2020,9448529
696,2021,9789055
696,2022,10242085
696,2023,10642089
696,2024,10642089
696,2025,10642089
698,1946,448021
698,1947,449095
698,1948,450170
698,1949,452898
698,1950,456997
698,1951,462760
698,1952,468831
698,1953,475163
698,1954,481826
698,1955,488811
698,1956,496175
698,1957,503986
698,1958,512341
698,1959,521320
698,1960,530489
698,1961,539859
698,1962,549951
698,1963,560832
698,1964,572586
698,1965,585245
698,1966,598815
698,1967,613318
698,1968,628801
698,1969,645262
698,1970,662691
698,1971,681125
698,1972,700591
698,1973,721182
698,1974,746995
698,1975,778871
698,1976,814703
698,1977,855316
698,1978,900312
698,1979,949122
698,1980,1001248
698,1981,1057326
698,1982,1117686
698,1983,1181464
698,1984,1247723
698,1985,1325489
698,1986,1413424
698,1987,1501006
698,1988,1588573
698,1989,1676234
698,1990,1763957
698,1991,1851476
698,1992,1938240
698,1993,2021677
698,1994,2081839
698,1995,2120531
698,1996,2156925
698,1997,2190726
698,1998,2222492
698,1999,2252910
698,2000,2282139
698,2001,2310223
698,2002,2337144
698,2003,2363801
698,2004,2404822
698,2005,2459808
698,2006,2514794
698,2007,2570175
698,2008,2626536
698,2009,2684665
698,2010,2757450
698,2011,3076762
698,2012,3547104
698,2013,3833915
698,2014,4002444
698,2015,4184898
698,2016,4390880
698,2017,4537397
698,2018,4597878
698,2019,4591248
698,2020,4522502
698,2021,4500429
698,2022,4730229
698,2023,5049267
698,2024,5049267
698,2025,5049267
700,1946,7023527
700,1947,7131209
700,1948,7240542
700,1949,7356890
700,1950,7776180
700,1951,7879343
700,1952,7987784
700,1953,8096703
700,1954,8207954
700,1955,8326981
700,1956,8454303
700,1957,8588340
700,1958,8723412
700,1959,8869270
700,1960,9035048
700,1961,9214082
700,1962,9404410
700,1963,9604491
700,1964,9814317
700,1965,10036003
700,1966,10266397
700,1967,10505961
700,1968,10756924
700,1969,11017417
700,1970,11290134
700,1971,11567672
700,1972,11853698
700,1973,12158000
700,1974,12469127
700,1975,12773966
700,1976,13059861
700,1977,13340758
700,1978,13611444
700,1979,13655575
700,1980,13169313
700,1981,11937586
700,1982,10991380
700,1983,10917985
700,1984,11190222
700,1985,11426855
700,1986,11420074
700,1987,11387822
700,1988,11523299
700,1989,11874089
700,1990,12045664
700,1991,12238879
700,1992,13278983
700,1993,14943175
700,1994,16250800
700,1995,17065837
700,1996,17763266
700,1997,18452100
700,1998,19159996
700,1999,19887792
700,2000,20130334
700,2001,20284303
700,2002,21378123
700,2003,22733053
700,2004,23560656
700,2005,24404575
700,2006,25424100
700,2007,25909852
700,2008,26482631
700,2009,27466102
700,2010,28284088
700,2011,29347708
700,2012,30560036
700,2013,31622709
700,2014,32792528
700,2015,33831767
700,2016,34700613
700,2017,35688941
700,2018,36743040
700,2019,37856125
700,2020,39068977
700,2021,40000410
700,2022,40578847
700,2023,41454762
700,2024,41454762
700,2025,41454762
701,1946,1157403
701,1947,1168024
701,1948,1178743
701,1949,1194044
701,1950,1269184
701,1951,1294081
701,1952,1320542
701,1953,1349681
701,1954,1382365
701,1955,1418174
701,1956,1457212
701,1957,1499562
701,1958,1545182
701,1959,1593426
701,1960,1643462
701,1961,1695407
701,1962,1749224
701,1963,1804267
701,1964,1860001
701,1965,1915919
701,1966,1971746
701,1967,2027402
701,1968,2083075
701,1969,2139031
701,1970,2195617
701,1971,2253123
701,1972,2311431
701,1973,2370918
701,1974,2432032
701,1975,2494573
701,1976,2558525
701,1977,2623946
701,1978,2691095
701,1979,2760361
701,1980,2832201
701,1981,2907193
701,1982,2985566
701,1983,3067535
701,1984,3154080
701,1985,3247541
701,1986,3347813
701,1987,3452736
701,1988,3559364
701,1989,3662464
701,1990,3760561
701,1991,3855902
701,1992,3944689
701,1993,4032415
701,1994,4116662
701,1995,4191207
701,1996,4263818
701,1997,4336732
701,1998,4410511
701,1999,4492174
701,2000,4582675
701,2001,4675416
701,2002,4769473
701,2003,4863871
701,2004,4958091
701,2005,5052260
701,2006,5147103
701,2007,5244047
701,2008,5345033
701,2009,5451597
701,2010,5564356
701,2011,5683413
701,2012,5808548
701,2013,5939348
701,2014,6075286
701,2015,6215773
701,2016,6360041
701,2017,6507065
701,2018,6655523
701,2019,6803943
701,2020,6949915
701,2021,7092042
701,2022,7230197
701,2023,7364437
701,2024,7364437
701,2025,7364437
702,1946,1451931
702,1947,1465254
702,1948,1478701
702,1949,1498906
702,1950,1528311
702,1951,1588338
702,1952,1645586
702,1953,1701050
702,1954,1755691
702,1955,1810237
702,1956,1865440
702,1957,1922135
702,1958,1981670
702,1959,2045286
702,1960,2112136
702,1961,2181813
702,1962,2255032
702,1963,2331737
702,1964,2411270
702,1965,2493004
702,1966,2577187
702,1967,2664141
702,1968,2753847
702,1969,2845276
702,1970,2936784
702,1971,3028841
702,1972,3123696
702,1973,3222299
702,1974,3324503
702,1975,3430428
702,1976,3540077
702,1977,3653264
702,1978,3768514
702,1979,3882697
702,1980,3995258
702,1981,4109026
702,1982,4227177
702,1983,4350877
702,1984,4480027
702,1985,4619006
702,1986,4772150
702,1987,4939063
702,1988,5114988
702,1989,5267255
702,1990,5398773
702,1991,5541200
702,1992,5649397
702,1993,5725001
702,1994,5825371
702,1995,5948588
702,1996,6066524
702,1997,6139829
702,1998,6176403
702,1999,6208373
702,2000,6284737
702,2001,6407376
702,2002,6531674
702,2003,6658575
702,2004,6790555
702,2005,6924722
702,2006,7057566
702,2007,7194479
702,2008,7338402
702,2009,7490232
702,2010,7652144
702,2011,7824788
702,2012,8014087
702,2013,8216733
702,2014,8425559
702,2015,8643839
702,2016,8865623
702,2017,9085942
702,2018,9307345
702,2019,9529970
702,2020,9749312
702,2021,9966912
702,2022,10182228
702,2023,10389807
702,2024,10389807
702,2025,10389807
703,1946,1674912
703,1947,1690282
703,1948,1705793
703,1949,1726058
703,1950,1751141
703,1951,1787518
703,1952,1824592
703,1953,1862537
703,1954,1902146
703,1955,1944409
703,1956,1989628
703,1957,2038322
703,1958,2090857
703,1959,2149301
703,1960,2215517
703,1961,2288672
703,1962,2367299
703,1963,2449247
703,1964,2532153
703,1965,2615065
703,1966,2697630
703,1967,2780172
703,1968,2862894
703,1969,2944842
703,1970,3025143
703,1971,3101444
703,1972,3173948
703,1973,3244873
703,1974,3314025
703,1975,3381368
703,1976,3447009
703,1977,3514133
703,1978,3584533
703,1979,3656193
703,1980,3729372
703,1981,3804455
703,1982,3882820
703,1983,3965765
703,1984,4039348
703,1985,4102389
703,1986,4168594
703,1987,4238467
703,1988,4308022
703,1989,4381999
703,1990,4459545
703,1991,4532124
703,1992,4600308
703,1993,4626809
703,1994,4649190
703,1995,4713641
703,1996,4782885
703,1997,4847998
703,1998,4907792
703,1999,4968593
703,2000,5025150
703,2001,5071960
703,2002,5116252
703,2003,5159422
703,2004,5203048
703,2005,5246337
703,2006,5282451
703,2007,5313376
703,2008,5342530
703,2009,5398013
703,2010,5491763
703,2011,5594537
703,2012,5696521
703,2013,5797294
703,2014,5898322
703,2015,6001876
703,2016,6108460
703,2017,6220148
703,2018,6341733
703,2019,6494036
703,2020,6664143
703,2021,6820483
703,2022,6955792
703,2023,7073523
703,2024,7073523
703,2025,7073523
704,1946,5944883
704,1947,5999437
704,1948,6054491
704,1949,6136836
704,1950,6239906
704,1951,6385010
704,1952,6536522
704,1953,6698118
704,1954,6869811
704,1955,7054038
704,1956,7252046
704,1957,7463066
704,1958,7689160
704,1959,7935475
704,1960,8209125
704,1961,8517722
704,1962,8854368
704,1963,9202243
704,1964,9557610
704,1965,9921681
704,1966,10289299
704,1967,10659181
704,1968,11032154
704,1969,11403157
704,1970,11762643
704,1971,12111512
704,1972,12465108
704,1973,12831046
704,1974,13209013
704,1975,13598521
704,1976,13998620
704,1977,14408815
704,1978,14816350
704,1979,15215588
704,1980,15619935
704,1981,16035031
704,1982,16462742
704,1983,16908402
704,1984,17378855
704,1985,17875337
704,1986,18395621
704,1987,18930068
704,1988,19460634
704,1989,19977192
704,1990,20464963
704,1991,20962908
704,1992,21485095
704,1993,21987960
704,1994,22463295
704,1995,22917588
704,1996,23351981
704,1997,23758961
704,1998,24134930
704,1999,24476013
704,2000,24787052
704,2001,25090289
704,2002,25399987
704,2003,25711261
704,2004,26029350
704,2005,26356977
704,2006,26699046
704,2007,27076013
704,2008,27494780
704,2009,27939333
704,2010,28385509
704,2011,28823194
704,2012,29261908
704,2013,29724065
704,2014,30222994
704,2015,30749349
704,2016,31284565
704,2017,31819172
704,2018,32373489
704,2019,32964700
704,2020,33586373
704,2021,34243696
704,2022,34938953
704,2023,35652311
704,2024,35652311
704,2025,35652311
705,1946,6295525
705,1947,6353297
705,1948,6411598
705,1949,6511702
705,1950,6787149
705,1951,7020910
705,1952,7258805
705,1953,7498485
705,1954,7742036
705,1955,7993636
705,1956,8256704
705,1957,8533907
705,1958,8822638
705,1959,9122174
705,1960,9429982
705,1961,9742081
705,1962,10058937
705,1963,10377471
705,1964,10690312
705,1965,10993195
705,1966,11288989
705,1967,11584428
705,1968,11879184
705,1969,12156219
705,1970,12419056
705,1971,12684817
705,1972,12951805
705,1973,13208122
705,1974,13454576
705,1975,13700850
705,1976,13998737
705,1977,14353262
705,1978,14711507
705,1979,14978703
705,1980,15152953
705,1981,15323086
705,1982,15492597
705,1983,15665554
705,1984,15844620
705,1985,16031087
705,1986,16262697
705,1987,16527717
705,1988,16781167
705,1989,16997012
705,1990,17154060
705,1991,17278604
705,1992,17332624
705,1993,17274487
705,1994,17043775
705,1995,16730541
705,1996,16416036
705,1997,16043250
705,1998,15647789
705,1999,15455877
705,2000,15501108
705,2001,15575550
705,2002,15656680
705,2003,15747377
705,2004,15850164
705,2005,15968118
705,2006,16103718
705,2007,16257212
705,2008,16426527
705,2009,16619851
705,2010,16836808
705,2011,17065996
705,2012,17306115
705,2013,17556502
705,2014,17816285
705,2015,18084175
705,2016,18363600
705,2017,18651931
705,2018,18932725
705,2019,19209556
705,2020,19482116
705,2021,19743607
705,2022,20034612
705,2023,20330109
705,2024,20330109
705,2025,20330109
710,1946,527915947
710,1947,530702750
710,1948,533504263
710,1949,537916245
710,1950,544044355
710,1951,553758251
710,1952,565131435
710,1953,577557140
710,1954,590113859
710,1955,603547014
710,1956,616558585
710,1957,630356210
710,1958,644219478
710,1959,652708211
710,1960,654802068
710,1961,655773484
710,1962,665073690
710,1963,684552646
710,1964,704798263
710,1965,723415737
710,1966,742402206
710,1967,761026025
710,1968,781011030
710,1969,802140341
710,1970,823308964
710,1971,844069870
710,1972,863677810
710,1973,882576945
710,1974,900307580
710,1975,916116796
710,1976,930372293
710,1977,943546374
710,1978,956161482
710,1979,969288071
710,1980,983163540
710,1981,997721072
710,1982,1013588177
710,1983,1029064952
710,1984,1043849645
710,1985,1059807818
710,1986,1077233607
710,1987,1096217445
710,1988,1115244168
710,1989,1133991006
710,1990,1153582725
710,1991,1170788533
710,1992,1184574236
710,1993,1197308574
710,1994,1209003099
710,1995,1220133929
710,1996,1230944809
710,1997,1241139623
710,1998,1250847122
710,1999,1260176650
710,2000,1269581174
710,2001,1278725061
710,2002,1286866835
710,2003,1294517323
710,2004,1302100316
710,2005,1310027135
710,2006,1318054030
710,2007,1325813576
710,2008,1333821011
710,2009,1342522717
710,2010,1351561505
710,2011,1360250658
710,2012,1369520866
710,2013,1379008040
710,2014,1387951970
710,2015,1396134171
710,2016,1404052628
710,2017,1412354730
710,2018,1419008954
710,2019,1423520357
710,2020,1426106093
710,2021,1426437269
710,2022,1425179562
710,2023,1422584930
710,2024,1422584930
710,2025,1422584930
712,1946,766988
712,1947,768356
712,1948,769726
712,1949,774006
712,1950,781691
712,1951,794329
712,1952,807093
712,1953,820278
712,1954,834023
712,1955,848687
712,1956,868487
712,1957,893240
712,1958,919297
712,1959,947419
712,1960,977602
712,1961,1009292
712,1962,1041446
712,1963,1071366
712,1964,1100238
712,1965,1131185
712,1966,1163763
712,1967,1196997
712,1968,1229931
712,1969,1262291
712,1970,1295275
712,1971,1330076
712,1972,1366829
712,1973,1405507
712,1974,1446056
712,1975,1488301
712,1976,1531953
712,1977,1576248
712,1978,1619479
712,1979,1660661
712,1980,1701341
712,1981,1742856
712,1982,1785364
712,1983,1829093
712,1984,1874355
712,1985,1921519
712,1986,1970967
712,1987,2022803
712,1988,2076326
712,1989,2124190
712,1990,2164578
712,1991,2202772
712,1992,2239130
712,1993,2273515
712,1994,2305743
712,1995,2335717
712,1996,2363469
712,1997,2389133
712,1998,2412793
712,1999,2434041
712,2000,2455182
712,2001,2477704
712,2002,2500074
712,2003,2521809
712,2004,2542801
712,2005,2563466
712,2006,2584761
712,2007,2607976
712,2008,2634431
712,2009,2665333
712,2010,2701739
712,2011,2745183
712,2012,2795463
712,2013,2851887
712,2014,2913041
712,2015,2976528
712,2016,3040815
712,2017,3104371
712,2018,3167714
712,2019,3232118
712,2020,3290786
712,2021,3339676
712,2022,3386015
712,2023,3431938
712,2024,3431938
712,2025,3431938
713,1946,6298031
713,1947,6351203
713,1948,6589183
713,1949,7119288
713,1950,7596535
713,1951,7862806
713,1952,8148997
713,1953,8451375
713,1954,8767773
713,1955,9104136
713,1956,9465707
713,1957,9850527
713,1958,10246160
713,1959,10644179
713,1960,11046263
713,1961,11453506
713,1962,11866670
713,1963,12285726
713,1964,12706682
713,1965,13124808
713,1966,13537706
713,1967,13901473
713,1968,14215584
713,1969,14523608
713,1970,14815755
713,1971,15121137
713,1972,15450618
713,1973,15772691
713,1974,16082315
713,1975,16365267
713,1976,16671501
713,1977,17020095
713,1978,17373729
713,1979,17735789
713,1980,18086521
713,1981,18412829
713,1982,18723986
713,1983,19022629
713,1984,19306762
713,1985,19571695
713,1986,19805981
713,1987,20015820
713,1988,20223658
713,1989,20418913
713,1990,20594907
713,1991,20781752
713,1992,20982088
713,1993,21174678
713,1994,21357145
713,1995,21534497
713,1996,21709270
713,1997,21885332
713,1998,22049226
713,1999,22203788
713,2000,22332873
713,2001,22446254
713,2002,22566898
713,2003,22664130
713,2004,22745432
713,2005,22824932
713,2006,22914644
713,2007,23006921
713,2008,23086238
713,2009,23164353
713,2010,23224049
713,2011,23273078
713,2012,23345963
713,2013,23416870
713,2014,23472811
713,2015,23529260
713,2016,23586140
713,2017,23632950
713,2018,23659308
713,2019,23674137
713,2020,23663461
713,2021,23558330
713,2022,23420107
713,2023,23317145
713,2024,23317145
713,2025,23317145
731,1946,10440758
731,1947,10614360
731,1948,10790849
731,1949,10953980
731,1950,11116734
731,1951,10583576
731,1952,10253639
731,1953,10177418
731,1954,10242806
731,1955,10403326
731,1956,10600386
731,1957,10854683
731,1958,11163751
731,1959,11452992
731,1960,11722950
731,1961,11990714
731,1962,12262886
731,1963,12567059
731,1964,12889774
731,1965,13219375
731,1966,13569099
731,1967,13958350
731,1968,14365601
731,1969,14767625
731,1970,15172777
731,1971,15572460
731,1972,15975065
731,1973,16350372
731,1974,16673124
731,1975,16971055
731,1976,17243455
731,1977,17492797
731,1978,17736000
731,1979,17983465
731,1980,18236783
731,1981,18501303
731,1982,18776359
731,1983,19054039
731,1984,19335049
731,1985,19620396
731,1986,19910856
731,1987,20205485
731,1988,20503161
731,1989,20804363
731,1990,21112134
731,1991,21428637
731,1992,21750912
731,1993,22073354
731,1994,22393967
731,1995,22669307
731,1996,22895753
731,1997,23110836
731,1998,23311570
731,1999,23497594
731,2000,23665909
731,2001,23815364
731,2002,23943975
731,2003,24090382
731,2004,24254946
731,2005,24396434
731,2006,24524508
731,2007,24646384
731,2008,24764620
731,2009,24878338
731,2010,24987257
731,2011,25097877
731,2012,25211737
731,2013,25329456
731,2014,25451263
731,2015,25575355
731,2016,25698325
731,2017,25817710
731,2018,25931153
731,2019,26037633
731,2020,26136312
731,2021,26232530
731,2022,26328843
731,2023,26418196
731,2024,26418196
731,2025,26418196
732,1946,18044769
732,1947,18572294
732,1948,19115242
732,1949,19626401
732,1950,19757319
732,1951,19868990
732,1952,20229880
732,1953,20775325
732,1954,21415578
732,1955,22125104
732,1956,22874441
732,1957,23660791
732,1958,24473927
732,1959,25298234
732,1960,26115388
732,1961,26852962
732,1962,27509235
732,1963,28145547
732,1964,28744980
732,1965,29284343
732,1966,29845941
732,1967,30495725
732,1968,31175295
732,1969,31852769
732,1970,32542203
732,1971,33239859
732,1972,33936470
732,1973,34625848
732,1974,35287834
732,1975,35875741
732,1976,36379928
732,1977,36843638
732,1978,37281935
732,1979,37710898
732,1980,38141109
732,1981,38689192
732,1982,39356159
732,1983,40000945
732,1984,40598302
732,1985,41148956
732,1986,41718508
732,1987,42322092
732,1988,42922980
732,1989,43524765
732,1990,44081425
732,1991,44439146
732,1992,44653699
732,1993,44887721
732,1994,45130842
732,1995,45368425
732,1996,45638701
732,1997,45941541
732,1998,46230885
732,1999,46500382
732,2000,46766660
732,2001,47043467
732,2002,47299118
732,2003,47514158
732,2004,47697076
732,2005,47851646
732,2006,48006518
732,2007,48178122
732,2008,48356485
732,2009,48546690
732,2010,48769329
732,2011,49127640
732,2012,49599580
732,2013,50071168
732,2014,50539055
732,2015,50983909
732,2016,51297836
732,2017,51486268
732,2018,51640894
732,2019,51767844
732,2020,51858481
732,2021,51848401
732,2022,51782515
732,2023,51748744
732,2024,51748744
732,2025,51748744
740,1946,79918650
740,1947,81033105
740,1948,82163102
740,1949,83270008
740,1950,86443278
740,1951,87849929
740,1952,89135133
740,1953,90324185
740,1954,91407673
740,1955,92425476
740,1956,93342005
740,1957,94108980
740,1958,94846958
740,1959,95622973
740,1960,96399755
740,1961,97217594
740,1962,98076405
740,1963,98958230
740,1964,99890175
740,1965,100916018
740,1966,101887833
740,1967,102965530
740,1968,104237476
740,1969,105475169
740,1970,106712370
740,1971,107952031
740,1972,109238963
740,1973,110614742
740,1974,112009689
740,1975,113321197
740,1976,114502792
740,1977,115574278
740,1978,116576940
740,1979,117521561
740,1980,118358761
740,1981,118994054
740,1982,119485775
740,1983,119948943
740,1984,120384395
740,1985,120832158
740,1986,121366733
740,1987,121943588
740,1988,122476957
740,1989,122947411
740,1990,123399767
740,1991,123889870
740,1992,124383707
740,1993,124839955
740,1994,125286861
740,1995,125672659
740,1996,125975304
740,1997,126265926
740,1998,126549182
740,1999,126801566
740,2000,127027794
740,2001,127260144
740,2002,127484599
740,2003,127671254
740,2004,127815769
740,2005,127913331
740,2006,127997247
740,2007,128087683
740,2008,128155992
740,2009,128192471
740,2010,128185273
740,2011,128096430
740,2012,127928283
740,2013,127723642
740,2014,127486601
740,2015,127275868
740,2016,127159950
740,2017,127064686
740,2018,126913432
740,2019,126699421
740,2020,126304533
740,2021,125679342
740,2022,124997585
740,2023,124370947
740,2024,124370947
740,2025,124370947
750,1946,362036112
750,1947,359345897
750,1948,356675672
750,1949,355893489
750,1950,346278818
750,1951,353870058
750,1952,361874906
750,1953,370104570
750,1954,378687141
750,1955,387700892
750,1956,396988905
750,1957,406253895
750,1958,415777436
750,1959,425780669
750,1960,435990342
750,1961,446564731
750,1962,457283091
750,1963,468138576
750,1964,479229599
750,1965,490140142
750,1966,500740250
750,1967,511606377
750,1968,522716893
750,1969,533880545
750,1970,545864271
750,1971,558096385
750,1972,570482138
750,1973,583465599
750,1974,597041391
750,1975,611309536
750,1976,625861887
750,1977,640801106
750,1978,655728226
750,1979,671155746
750,1980,687354029
750,1981,703696251
750,1982,720313473
750,1983,737372683
750,1984,754875449
750,1985,772647800
750,1986,790689977
750,1987,808931268
750,1988,827342994
750,1989,846039528
750,1990,864972221
750,1991,883927605
750,1992,902957075
750,1993,922118380
750,1994,941163772
750,1995,960301046
750,1996,979678460
750,1997,999133764
750,1998,1018665080
750,1999,1038225822
750,2000,1057922731
750,2001,1077898579
750,2002,1097600380
750,2003,1116803000
750,2004,1135991509
750,2005,1154676321
750,2006,1172878888
750,2007,1190676028
750,2008,1207930960
750,2009,1225524764
750,2010,1243481565
750,2011,1261224956
750,2012,1278674501
750,2013,1295829507
750,2014,1312277184
750,2015,1328024494
750,2016,1343944296
750,2017,1359657398
750,2018,1374659067
750,2019,1389030307
750,2020,1402617694
750,2021,1414203896
750,2022,1425423209
750,2023,1438069597
750,2024,1438069597
750,2025,1438069597
760,1946,200716
760,1947,192430
760,1948,184486
760,1949,179148
760,1950,169991
760,1951,174615
760,1952,179392
760,1953,184345
760,1954,189467
760,1955,194759
760,1956,200245
760,1957,205913
760,1958,211766
760,1959,217827
760,1960,224098
760,1961,230617
760,1962,237648
760,1963,245168
760,1964,252997
760,1965,261210
760,1966,269830
760,1967,278855
760,1968,288320
760,1969,298220
760,1970,308536
760,1971,319219
760,1972,330265
760,1973,341713
760,1974,353548
760,1975,365800
760,1976,378499
760,1977,391649
760,1978,405256
760,1979,419208
760,1980,433412
760,1981,447851
760,1982,462495
760,1983,477473
760,1984,492794
760,1985,508399
760,1986,524327
760,1987,540570
760,1988,557002
760,1989,573593
760,1990,589295
760,1991,599789
760,1992,577780
760,1993,554680
760,1994,554509
760,1995,547995
760,1996,548792
760,1997,558698
760,1998,569439
760,1999,582589
760,2000,596871
760,2001,610801
760,2002,624417
760,2003,637667
760,2004,650559
760,2005,661875
760,2006,670803
760,2007,678643
760,2008,686359
760,2009,693994
760,2010,701638
760,2011,709387
760,2012,717288
760,2013,725282
760,2014,733151
760,2015,740623
760,2016,747878
760,2017,754343
760,2018,759766
760,2019,764830
760,2020,770013
760,2021,775450
760,2022,780921
760,2023,786386
760,2024,786386
760,2025,786386
770,1946,34906631
770,1947,35549766
770,1948,36204749
770,1949,36919488
770,1950,35849256
770,1951,36581906
770,1952,37377005
770,1953,38229661
770,1954,39137072
770,1955,40098068
770,1956,41113927
770,1957,42185142
770,1958,43312058
770,1959,44495164
770,1960,45709314
770,1961,46921277
770,1962,48156130
770,1963,49447780
770,1964,50799995
770,1965,52209015
770,1966,53678671
770,1967,55214772
770,1968,56810512
770,1969,58460945
770,1970,60166721
770,1971,61847896
770,1972,63583192
770,1973,65461912
770,1974,67415487
770,1975,69461179
770,1976,71620249
770,1977,73901831
770,1978,76307381
770,1979,78997040
770,1980,82291008
770,1981,85802048
770,1982,89089247
770,1983,92227711
770,1984,95164940
770,1985,98229291
770,1986,101606770
770,1987,105130710
770,1988,108724740
770,1989,112336634
770,1990,116155584
770,1991,120060409
770,1992,123546855
770,1993,127020117
770,1994,130748076
770,1995,134582255
770,1996,138557089
770,1997,142531801
770,1998,146522354
770,1999,150565381
770,2000,154879124
770,2001,159270910
770,2002,163222552
770,2003,167110250
770,2004,171285999
770,2005,175453212
770,2006,179682690
770,2007,184493231
770,2008,189499112
770,2009,194376535
770,2010,199239048
770,2011,203746069
770,2012,207667129
770,2013,211073979
770,2014,214264649
770,2015,217290884
770,2016,220138863
770,2017,223273974
770,2018,226928893
770,2019,230800908
770,2020,235001745
770,2021,239477805
770,2022,243700667
770,2023,247504505
770,2024,247504505
770,2025,247504505
771,1946,38192621
771,1947,38515003
771,1948,38840107
771,1949,39243938
771,1950,41206857
771,1951,42022311
771,1952,42893013
771,1953,43791390
771,1954,44741299
771,1955,45767686
771,1956,46854418
771,1957,48004664
771,1958,49184052
771,1959,50441766
771,1960,51828663
771,1961,53310344
771,1962,54881154
771,1963,56504406
771,1964,58178372
771,1965,59902522
771,1966,61669811
771,1967,63510933
771,1968,65408278
771,1969,67294130
771,1970,69058898
771,1971,70276757
771,1972,71641525
771,1973,73722297
771,1974,75839352
771,1975,77854352
771,1976,79855318
771,1977,81867267
771,1978,83889660
771,1979,85935070
771,1980,88016435
771,1981,90303104
771,1982,92814506
771,1983,95335162
771,1984,97814965
771,1985,100253825
771,1986,102635569
771,1987,104959291
771,1988,107216011
771,1989,109433805
771,1990,111633722
771,1991,113787112
771,1992,115952198
771,1993,118132363
771,1994,120343183
771,1995,122600372
771,1996,124862185
771,1997,127198070
771,1998,129622332
771,1999,132108065
771,2000,134544303
771,2001,136805810
771,2002,138933659
771,2003,140970355
771,2004,142902857
771,2005,144715789
771,2006,146405983
771,2007,147989282
771,2008,149474264
771,2009,150873716
771,2010,152201978
771,2011,153591074
771,2012,155070110
771,2013,156532134
771,2014,157964931
771,2015,159383179
771,2016,160811934
771,2017,162186146
771,2018,163523109
771,2019,164913060
771,2020,166298024
771,2021,167658855
771,2022,169384891
771,2023,171466986
771,2024,171466986
771,2025,171466986
775,1946,16629712
775,1947,16899178
775,1948,17173011
775,1949,17450542
775,1950,17737123
775,1951,18070426
775,1952,18418010
775,1953,18779903
775,1954,19156653
775,1955,19550488
775,1956,19959222
775,1957,20382706
775,1958,20816423
775,1959,21264016
775,1960,21730255
775,1961,22210580
775,1962,22704722
775,1963,23213406
775,1964,23737316
775,1965,24279437
775,1966,24836494
775,1967,25406432
775,1968,25989669
775,1969,26585110
775,1970,27193015
775,1971,27807215
775,1972,28428330
775,1973,29026390
775,1974,29598163
775,1975,30176563
775,1976,30758818
775,1977,31355968
775,1978,31972974
775,1979,32596552
775,1980,33227204
775,1981,33858786
775,1982,34482967
775,1983,35162714
775,1984,35899313
775,1985,36622832
775,1986,37314882
775,1987,37971601
775,1988,38600928
775,1989,39214624
775,1990,39817253
775,1991,40394159
775,1992,40950342
775,1993,41502423
775,1994,42055150
775,1995,42605343
775,1996,43154858
775,1997,43708802
775,1998,44257793
775,1999,44787727
775,2000,45290850
775,2001,45771140
775,2002,46232656
775,2003,46667191
775,2004,47068779
775,2005,47438362
775,2006,47785141
775,2007,48125047
775,2008,48390790
775,2009,48660458
775,2010,49024376
775,2011,49419825
775,2012,49837451
775,2013,50262658
775,2014,50681635
775,2015,51089060
775,2016,51495701
775,2017,51894939
775,2018,52272250
775,2019,52640718
775,2020,53016525
775,2021,53387103
775,2022,53756791
775,2023,54133800
775,2024,54133800
775,2025,54133800
780,1946,7287633
780,1947,7438913
780,1948,7593333
780,1949,7762151
780,1950,7811051
780,1951,7956333
780,1952,8111562
780,1953,8275136
780,1954,8445937
780,1955,8623328
780,1956,8807222
780,1957,9001000
780,1958,9208815
780,1959,9430157
780,1960,9661384
780,1961,9899372
780,1962,10143750
780,1963,10395039
780,1964,10653403
780,1965,10916965
780,1966,11183925
780,1967,11457329
780,1968,11736084
780,1969,12013864
780,1970,12287113
780,1971,12551910
780,1972,12809207
780,1973,13060920
780,1974,13305697
780,1975,13548989
780,1976,13796776
780,1977,14049365
780,1978,14310127
780,1979,14579616
780,1980,14847972
780,1981,15099417
780,1982,15286571
780,1983,15388795
780,1984,15441858
780,1985,15544152
780,1986,15731253
780,1987,15916578
780,1988,16078624
780,1989,16248560
780,1990,16352460
780,1991,16475354
780,1992,16739297
780,1993,17025924
780,1994,17275777
780,1995,17564065
780,1996,17905020
780,1997,18248205
780,1998,18596006
780,1999,18944734
780,2000,19293056
780,2001,19600361
780,2002,19805750
780,2003,19951521
780,2004,20087608
780,2005,20216531
780,2006,20352416
780,2007,20492546
780,2008,20629377
780,2009,20756438
780,2010,20879092
780,2011,21009054
780,2012,21169461
780,2013,21358829
780,2014,21547454
780,2015,21729975
780,2016,21910763
780,2017,22087525
780,2018,22253116
780,2019,22410552
780,2020,22561808
780,2021,22700377
780,2022,22834965
780,2023,22971615
780,2024,22971615
780,2025,22971615
781,1946,75878
781,1947,75264
781,1948,74656
781,1949,74395
781,1950,74461
781,1951,75730
781,1952,77077
781,1953,78509
781,1954,80010
781,1955,81619
781,1956,83317
781,1957,85136
781,1958,87054
781,1959,89075
781,1960,91203
781,1961,93464
781,1962,95817
781,1963,98236
781,1964,100673
781,1965,104116
781,1966,108528
781,1967,112543
781,1968,116092
781,1969,119581
781,1970,123240
781,1971,127052
781,1972,130979
781,1973,134971
781,1974,138994
781,1975,143169
781,1976,147539
781,1977,151943
781,1978,156169
781,1979,160372
781,1980,164844
781,1981,169544
781,1982,174341
781,1983,179141
781,1984,184212
781,1985,190182
781,1986,196949
781,1987,203961
781,1988,210899
781,1989,217749
781,1990,224772
781,1991,231810
781,1992,238559
781,1993,244893
781,1994,250831
781,1995,256660
781,1996,262354
781,1997,267711
781,1998,272734
781,1999,277423
781,2000,282025
781,2001,286778
781,2002,291631
781,2003,296497
781,2004,301416
781,2005,306429
781,2006,313866
781,2007,324489
781,2008,336178
781,2009,348282
781,2010,360802
781,2011,373683
781,2012,386821
781,2013,400077
781,2014,413623
781,2015,428165
781,2016,443316
781,2017,458297
781,2018,473106
781,2019,487737
781,2020,502127
781,2021,516163
781,2022,524116
781,2023,526009
781,2024,526009
781,2025,526009
790,1946,7112689
790,1947,7457454
790,1948,7818930
790,1949,8133751
790,1950,8396610
790,1951,8572665
790,1952,8747300
790,1953,8918222
790,1954,9087775
790,1955,9257985
790,1956,9427889
790,1957,9598045
790,1958,9766252
790,1959,9938915
790,1960,10123664
790,1961,10318399
790,1962,10521122
790,1963,10729818
790,1964,10946389
790,1965,11173411
790,1966,11408714
790,1967,11652717
790,1968,11906275
790,1969,12167032
790,1970,12436191
790,1971,12710069
790,1972,12989103
790,1973,13275240
790,1974,13568436
790,1975,13870692
790,1976,14177650
790,1977,14499175
790,1978,14839704
790,1979,15190601
790,1980,15553106
790,1981,15922422
790,1982,16297996
790,1983,16689121
790,1984,17085243
790,1985,17477694
790,1986,17868128
790,1987,18250512
790,1988,18638660
790,1989,19057811
790,1990,19524579
790,1991,20036507
790,1992,20609708
790,1993,21180158
790,1994,21717483
790,1995,22245443
790,1996,22741867
790,1997,23219458
790,1998,23680358
790,1999,24125201
790,2000,24546509
790,2001,24946755
790,2002,25328989
790,2003,25688762
790,2004,26016652
790,2005,26309462
790,2006,26565430
790,2007,26788498
790,2008,26990036
790,2009,27173035
790,2010,27341955
790,2011,27464499
790,2012,27534916
790,2013,27589997
790,2014,27672373
790,2015,27823631
790,2016,27955471
790,2017,28011258
790,2018,28079688
790,2019,28414066
790,2020,28966580
790,2021,29475016
790,2022,29715435
790,2023,29694614
790,2024,29694614
790,2025,29694614
800,1946,18353879
800,1947,18830055
800,1948,19318585
800,1949,19845178
800,1950,20428401
800,1951,20965188
800,1952,21527583
800,1953,22109323
800,1954,22713340
800,1955,23343179
800,1956,23997266
800,1957,24674831
800,1958,25367008
800,1959,26088018
800,1960,26851751
800,1961,27650335
800,1962,28481048
800,1963,29342315
800,1964,30232136
800,1965,31149337
800,1966,32086073
800,1967,33037797
800,1968,34002562
800,1969,34973784
800,1970,35954411
800,1971,36937392
800,1972,37933932
800,1973,38947791
800,1974,39952896
800,1975,40939999
800,1976,41896511
800,1977,42843973
800,1978,43788976
800,1979,44718436
800,1980,45650031
800,1981,46575851
800,1982,47494577
800,1983,48423309
800,1984,49351711
800,1985,50270754
800,1986,51177832
800,1987,52074109
800,1988,52969595
800,1989,53848955
800,1990,54738329
800,1991,55637436
800,1992,56528832
800,1993,57408198
800,1994,58260855
800,1995,59098231
800,1996,59920059
800,1997,60724588
800,1998,61522632
800,1999,62299039
800,2000,63007815
800,2001,63651137
800,2002,64266433
800,2003,64868164
800,2004,65452049
800,2005,66017415
800,2006,66567685
800,2007,67102388
800,2008,67619835
800,2009,68121077
800,2010,68579443
800,2011,69007212
800,2012,69436091
800,2013,69845112
800,2014,70216362
800,2015,70540787
800,2016,70859835
800,2017,71160183
800,2018,71376081
800,2019,71522264
800,2020,71641484
800,2021,71727338
800,2022,71735321
800,2023,71702436
800,2024,71702436
800,2025,71702436
811,1946,3788143
811,1947,3936366
811,1948,4090389
811,1949,4238572
811,1950,4375252
811,1951,4475694
811,1952,4577965
811,1953,4680458
811,1954,4783832
811,1955,4890375
811,1956,4999483
811,1957,5110435
811,1958,5220837
811,1959,5332933
811,1960,5449964
811,1961,5571174
811,1962,5697559
811,1963,5823012
811,1964,5946186
811,1965,6072288
811,1966,6201235
811,1967,6332946
811,1968,6467323
811,1969,6604731
811,1970,6639187
811,1971,6620880
811,1972,6673890
811,1973,6739737
811,1974,6783251
811,1975,6581373
811,1976,6134989
811,1977,5668561
811,1978,5211654
811,1979,5088812
811,1980,5199874
811,1981,5284493
811,1982,5436436
811,1983,5636206
811,1984,5845115
811,1985,6043782
811,1986,6285699
811,1987,6557971
811,1988,6812012
811,1989,7073472
811,1990,7374754
811,1991,7686857
811,1992,8113085
811,1993,8616383
811,1994,9239160
811,1995,10018500
811,1996,10801268
811,1997,11570986
811,1998,12058180
811,1999,12265734
811,2000,12462343
811,2001,12658486
811,2002,12855249
811,2003,13050977
811,2004,13244737
811,2005,13439203
811,2006,13639032
811,2007,13841773
811,2008,14053479
811,2009,14276819
811,2010,14500730
811,2011,14722587
811,2012,14945090
811,2013,15170210
811,2014,15396771
811,2015,15623253
811,2016,15852802
811,2017,16073374
811,2018,16274522
811,2019,16481305
811,2020,16725484
811,2021,16974309
811,2022,17201721
811,2023,17423884
811,2024,17423884
811,2025,17423884
812,1946,1349632
812,1947,1436320
812,1948,1528576
812,1949,1611660
812,1950,1684556
812,1951,1725246
812,1952,1766187
812,1953,1807820
812,1954,1850134
812,1955,1893226
812,1956,1937237
812,1957,1982140
812,1958,2028028
812,1959,2074484
812,1960,2121517
812,1961,2169800
812,1962,2219918
812,1963,2271068
812,1964,2322828
812,1965,2376200
812,1966,2431088
812,1967,2487719
812,1968,2546381
812,1969,2606965
812,1970,2669703
812,1971,2734637
812,1972,2801657
812,1973,2870578
812,1974,2939759
812,1975,3005524
812,1976,3064882
812,1977,3118926
812,1978,3171753
812,1979,3228198
812,1980,3292575
812,1981,3366638
812,1982,3450022
812,1983,3541003
812,1984,3637845
812,1985,3739985
812,1986,3846720
812,1987,3957624
812,1988,4072608
812,1989,4190972
812,1990,4311960
812,1991,4435121
812,1992,4559650
812,1993,4685064
812,1994,4809223
812,1995,4929410
812,1996,5045686
812,1997,5152015
812,1998,5248273
812,1999,5340784
812,2000,5431213
812,2001,5521481
812,2002,5610888
812,2003,5697944
812,2004,5781627
812,2005,5869531
812,2006,5963199
812,2007,6056237
812,2008,6148974
812,2009,6241649
812,2010,6334198
812,2011,6426592
812,2012,6518981
812,2013,6611385
812,2014,6703170
812,2015,6801647
812,2016,6908800
812,2017,7018150
812,2018,7128043
812,2019,7237635
812,2020,7346534
812,2021,7453192
812,2022,7559008
812,2023,7665001
812,2024,7665001
812,2025,7665001
816,1946,22456290
816,1947,23116458
816,1948,23796035
816,1949,24460690
816,1950,25100732
816,1951,25600271
816,1952,26143915
816,1953,26757963
816,1954,27427907
816,1955,28166451
816,1956,28922317
816,1957,29754431
816,1958,30658455
816,1959,31585551
816,1960,32531929
816,1961,33409060
816,1962,34288562
816,1963,35249107
816,1964,36201568
816,1965,37129660
816,1966,38024835
816,1967,38895083
816,1968,39734609
816,1969,40582097
816,1970,41475227
816,1971,42449281
816,1972,43429169
816,1973,44409864
816,1974,45413538
816,1975,46482905
816,1976,47684927
816,1977,48954875
816,1978,50249551
816,1979,51378214
816,1980,52490098
816,1981,53738141
816,1982,55011292
816,1983,56337918
816,1984,57706071
816,1985,59060622
816,1986,60347044
816,1987,61584645
816,1988,62843234
816,1989,64147354
816,1990,65504551
816,1991,66891778
816,1992,68260336
816,1993,69586394
816,1994,70854393
816,1995,72049945
816,1996,73156456
816,1997,74226890
816,1998,75299665
816,1999,76287454
816,2000,77154016
816,2001,77969357
816,2002,78772227
816,2003,79563778
816,2004,80338977
816,2005,81088309
816,2006,82167901
816,2007,83633374
816,2008,85175789
816,2009,86460023
816,2010,87455148
816,2011,88468315
816,2012,89510355
816,2013,90573103
816,2014,91679582
816,2015,92823254
816,2016,94000115
816,2017,95176978
816,2018,96237319
816,2019,97173778
816,2020,98079196
816,2021,98935101
816,2022,99680656
816,2023,100352189
816,2024,100352189
816,2025,100352189
820,1946,5547780
820,1947,5642272
820,1948,5738373
820,1949,5848384
820,1950,6098285
820,1951,6257415
820,1952,6422851
820,1953,6593945
820,1954,6772374
820,1955,6959959
820,1956,7156627
820,1957,7362818
820,1958,7562886
820,1959,7755779
820,1960,7956201
820,1961,8164448
820,1962,8380174
820,1963,8602166
820,1964,8828416
820,1965,9056415
820,1966,9284693
820,1967,9507107
820,1968,9725283
820,1969,9947604
820,1970,10178802
820,1971,10423466
820,1972,10676839
820,1973,10935622
820,1974,11200903
820,1975,11471914
820,1976,11750093
820,1977,12035716
820,1978,12328158
820,1979,12627866
820,1980,12983365
820,1981,13399206
820,1982,13832796
820,1983,14285914
820,1984,14759013
820,1985,15252262
820,1986,15760425
820,1987,16276735
820,1988,16796612
820,1989,17315003
820,1990,17833179
820,1991,18342474
820,1992,18834569
820,1993,19322667
820,1994,19820446
820,1995,20330602
820,1996,20850085
820,1997,21375225
820,1998,21906713
820,1999,22435532
820,2000,22967817
820,2001,23526535
820,2002,24102477
820,2003,24679604
820,2004,25256773
820,2005,25836075
820,2006,26417909
820,2007,26998383
820,2008,27570052
820,2009,28124779
820,2010,28655772
820,2011,29162034
820,2012,29662835
820,2013,30174269
820,2014,30696133
820,2015,31232796
820,2016,31789692
820,2017,32355642
820,2018,32910963
820,2019,33440590
820,2020,33889554
820,2021,34282404
820,2022,34695494
820,2023,35126295
820,2024,35126295
820,2025,35126295
830,1946,880440
830,1947,907998
830,1948,936419
830,1949,969218
830,1950,1013318
830,1951,1068050
830,1952,1126098
830,1953,1187531
830,1954,1252286
830,1955,1320233
830,1956,1390957
830,1957,1458281
830,1958,1515731
830,1959,1567757
830,1960,1619328
830,1961,1670469
830,1962,1721183
830,1963,1771517
830,1964,1821468
830,1965,1870828
830,1966,1919088
830,1967,1965686
830,1968,2010102
830,1969,2052163
830,1970,2091568
830,1971,2128445
830,1972,2164344
830,1973,2200145
830,1974,2235079
830,1975,2268532
830,1976,2300749
830,1977,2331547
830,1978,2360611
830,1979,2388159
830,1980,2437496
830,1981,2531801
830,1982,2627420
830,1983,2685982
830,1984,2720930
830,1985,2735032
830,1986,2744656
830,1987,2781625
830,1988,2849043
830,1989,2938656
830,1990,3039593
830,1991,3136294
830,1992,3226461
830,1993,3317892
830,1994,3417818
830,1995,3533624
830,1996,3664566
830,1997,3796629
830,1998,3901418
830,1999,3966562
830,2000,4035251
830,2001,4116169
830,2002,4146898
830,2003,4138241
830,2004,4172767
830,2005,4268363
830,2006,4407064
830,2007,4596516
830,2008,4806742
830,2009,4968574
830,2010,5077020
830,2011,5182242
830,2012,5293345
830,2013,5385589
830,2014,5457899
830,2015,5525343
830,2016,5577936
830,2017,5604087
830,2018,5634366
830,2019,5669562
830,2020,5620151
830,2021,5546291
830,2022,5649888
830,2023,5789092
830,2024,5789092
830,2025,5789092
835,1946,45021
835,1947,45440
835,1948,45863
835,1949,46794
835,1950,48316
835,1951,51213
835,1952,54252
835,1953,57582
835,1954,61227
835,1955,65228
835,1956,69568
835,1957,74183
835,1958,78989
835,1959,83860
835,1960,88359
835,1961,92529
835,1962,96737
835,1963,101171
835,1964,105936
835,1965,110856
835,1966,115890
835,1967,121036
835,1968,126237
835,1969,131456
835,1970,135157
835,1971,137931
835,1972,142197
835,1973,147381
835,1974,152669
835,1975,158081
835,1976,163621
835,1977,169287
835,1978,174902
835,1979,180430
835,1980,186121
835,1981,191990
835,1982,198177
835,1983,204754
835,1984,211673
835,1985,218928
835,1986,226510
835,1987,233876
835,1988,240928
835,1989,248077
835,1990,255307
835,1991,262604
835,1992,269848
835,1993,276978
835,1994,284098
835,1995,291207
835,1996,298283
835,1997,305357
835,1998,312398
835,1999,319412
835,2000,326429
835,2001,333353
835,2002,340108
835,2003,346650
835,2004,352921
835,2005,358930
835,2006,364670
835,2007,370883
835,2008,377800
835,2009,384965
835,2010,392340
835,2011,399395
835,2012,405564
835,2013,411205
835,2014,416757
835,2015,422223
835,2016,427571
835,2017,432787
835,2018,437811
835,2019,442690
835,2020,447411
835,2021,451722
835,2022,455374
835,2023,458959
835,2024,458959
835,2025,458959
840,1946,16703401
840,1947,17112990
840,1948,17532623
840,1949,17984434
840,1950,18849532
840,1951,19568083
840,1952,20328753
840,1953,21132502
840,1954,21982504
840,1955,22880568
840,1956,23825808
840,1957,24815856
840,1958,25842525
840,1959,26907612
840,1960,27891900
840,1961,28792620
840,1962,29723535
840,1963,30674733
840,1964,31643038
840,1965,32625328
840,1966,33617171
840,1967,34621326
840,1968,35638338
840,1969,36660795
840,1970,37622203
840,1971,38518656
840,1972,39408560
840,1973,40294126
840,1974,41174338
840,1975,42120830
840,1976,43201486
840,1977,44367965
840,1978,45575286
840,1979,46807104
840,1980,48043744
840,1981,49311730
840,1982,50695715
840,1983,52194624
840,1984,53726187
840,1985,55213007
840,1986,56645083
840,1987,58157496
840,1988,59739056
840,1989,61265259
840,1990,62854668
840,1991,64382249
840,1992,65926130
840,1993,67530621
840,1994,69019297
840,1995,70546245
840,1996,72190237
840,1997,73908813
840,1998,75791031
840,1999,77753256
840,2000,79625401
840,2001,81401488
840,2002,83068889
840,2003,84731836
840,2004,86394510
840,2005,88015959
840,2006,89508992
840,2007,91075180
840,2008,92699091
840,2009,94384256
840,2010,96337127
840,2011,98248614
840,2012,100175511
840,2013,102076334
840,2014,103767127
840,2015,105312988
840,2016,106735721
840,2017,108119691
840,2018,109465284
840,2019,110804685
840,2020,112081270
840,2021,113100947
840,2022,113964343
840,2023,114891199
840,2024,114891199
840,2025,114891199
850,1946,65358783
850,1947,66226965
850,1948,67261032
850,1949,68405199
850,1950,68799031
850,1951,70286313
850,1952,71876439
850,1953,73569145
850,1954,75367367
850,1955,77273505
850,1956,79282557
850,1957,81390843
850,1958,83592765
850,1959,85892866
850,1960,88296074
850,1961,90791252
850,1962,93375848
850,1963,96051426
850,1964,98833758
850,1965,101365131
850,1966,103792758
850,1967,106526398
850,1968,109450008
850,1969,112517639
850,1970,115657496
850,1971,118833700
850,1972,122039844
850,1973,125288516
850,1974,128555052
850,1975,131843848
850,1976,135173656
850,1977,138533540
850,1978,141953161
850,1979,145434830
850,1980,148950537
850,1981,152485036
850,1982,156052153
850,1983,159651382
850,1984,163251124
850,1985,166776183
850,1986,170175065
850,1987,173511157
850,1988,176855071
850,1989,180201638
850,1990,183501097
850,1991,186778239
850,1992,190043742
850,1993,193305169
850,1994,196591829
850,1995,199888055
850,1996,203204353
850,1997,206536089
850,1998,209826791
850,1999,213004667
850,2000,216077789
850,2001,219097905
850,2002,222088499
850,2003,225048005
850,2004,227926649
850,2005,230871648
850,2006,233951650
850,2007,237062338
850,2008,240157902
850,2009,243220024
850,2010,246305327
850,2011,249470029
850,2012,252698525
850,2013,255852464
850,2014,258877395
850,2015,261799249
850,2016,264627429
850,2017,267346654
850,2018,269951847
850,2019,272489381
850,2020,274814861
850,2021,276758056
850,2022,278830527
850,2023,281190068
850,2024,281190068
850,2025,281190068
860,1946,413708
860,1947,412875
860,1948,412043
860,1949,412675
860,1950,414767
860,1951,418266
860,1952,422428
860,1953,426994
860,1954,431906
860,1955,437160
860,1956,442703
860,1957,448566
860,1958,454756
860,1959,461278
860,1960,468130
860,1961,475300
860,1962,482782
860,1963,490572
860,1964,498664
860,1965,507041
860,1966,515698
860,1967,524651
860,1968,533880
860,1969,543360
860,1970,553079
860,1971,562974
860,1972,572975
860,1973,582862
860,1974,590831
860,1975,598168
860,1976,607632
860,1977,618319
860,1978,628780
860,1979,638725
860,1980,649877
860,1981,660503
860,1982,669156
860,1983,677704
860,1984,686786
860,1985,696671
860,1986,707191
860,1987,718487
860,1988,730753
860,1989,744860
860,1990,760348
860,1991,778286
860,1992,799323
860,1993,821445
860,1994,844501
860,1995,868152
860,1996,892289
860,1997,917189
860,1998,942537
860,1999,834699
860,2000,745095
860,2001,812253
860,2002,879170
860,2003,916876
860,2004,929081
860,2005,948310
860,2006,976610
860,2007,1004898
860,2008,1032431
860,2009,1058783
860,2010,1084688
860,2011,1110212
860,2012,1134891
860,2013,1158697
860,2014,1181913
860,2015,1205133
860,2016,1228314
860,2017,1251711
860,2018,1275962
860,2019,1300946
860,2020,1326051
860,2021,1350142
860,2022,1369299
860,2023,1384292
860,2024,1384292
860,2025,1384292
900,1946,7638016
900,1947,7761534
900,1948,7887049
900,1949,8025441
900,1950,8176751
900,1951,8418616
900,1952,8630707
900,1953,8816085
900,1954,8999384
900,1955,9205189
900,1956,9424660
900,1957,9638773
900,1958,9847636
900,1959,10060033
900,1960,10280815
900,1961,10500441
900,1962,10707235
900,1963,10913270
900,1964,11128257
900,1965,11357479
900,1966,11592485
900,1967,11810521
900,1968,12030009
900,1969,12272387
900,1970,12599414
900,1971,12997963
900,1972,13304897
900,1973,13518689
900,1974,13719499
900,1975,13893988
900,1976,14046758
900,1977,14203511
900,1978,14367099
900,1979,14533034
900,1980,14721345
900,1981,14949210
900,1982,15192484
900,1983,15414891
900,1984,15620653
900,1985,15835743
900,1986,16069631
900,1987,16322272
900,1988,16594104
900,1989,16869362
900,1990,17126304
900,1991,17353191
900,1992,17549286
900,1993,17722905
900,1994,17897433
900,1995,18095340
900,1996,18305305
900,1997,18504911
900,1998,18701710
900,1999,18909980
900,2000,19132472
900,2001,19365438
900,2002,19595356
900,2003,19819449
900,2004,20046679
900,2005,20294490
900,2006,20590566
900,2007,20954545
900,2008,21370595
900,2009,21783014
900,2010,22141583
900,2011,22479779
900,2012,22852648
900,2013,23236271
900,2014,23595599
900,2015,23947997
900,2016,24329963
900,2017,24731044
900,2018,25119700
900,2019,25482714
900,2020,25743787
900,2021,25956417
900,2022,26200987
900,2023,26451126
900,2024,26451126
900,2025,26451126
910,1946,1286836
910,1947,1352763
910,1948,1422069
910,1949,1485598
910,1950,1543441
910,1951,1574928
910,1952,1609545
910,1953,1650236
910,1954,1693505
910,1955,1739220
910,1956,1787446
910,1957,1837511
910,1958,1888969
910,1959,1941505
910,1960,1995115
910,1961,2046133
910,1962,2093926
910,1963,2141380
910,1964,2188332
910,1965,2235830
910,1966,2285785
910,1967,2337542
910,1968,2390812
910,1969,2446932
910,1970,2505632
910,1971,2566429
910,1972,2628436
910,1973,2690639
910,1974,2752679
910,1975,2814827
910,1976,2877337
910,1977,2940331
910,1978,3003718
910,1979,3067350
910,1980,3131516
910,1981,3197030
910,1982,3264301
910,1983,3333642
910,1984,3405200
910,1985,3478945
910,1986,3554802
910,1987,3632546
910,1988,3711894
910,1989,3796088
910,1990,3896482
910,1991,4021840
910,1992,4166702
910,1993,4320880
910,1994,4480210
910,1995,4644282
910,1996,4813363
910,1997,4987887
910,1998,5166390
910,1999,5349333
910,2000,5537068
910,2001,5728444
910,2002,5924010
910,2003,6124005
910,2004,6328042
910,2005,6535905
910,2006,6747724
910,2007,6963353
910,2008,7183002
910,2009,7406442
910,2010,7633524
910,2011,7859349
910,2012,8081396
910,2013,8302700
910,2014,8523440
910,2015,8743247
910,2016,8961717
910,2017,9178717
910,2018,9394518
910,2019,9609014
910,2020,9815743
910,2021,10012898
910,2022,10203177
910,2023,10389638
910,2024,10389638
910,2025,10389638
920,1946,1790404
920,1947,1818183
920,1948,1846393
920,1949,1877502
920,1950,1911265
920,1951,1951209
920,1952,1997753
920,1953,2047750
920,1954,2095143
920,1955,2139674
920,1956,2184844
920,1957,2233688
920,1958,2284995
920,1959,2333486
920,1960,2379482
920,1961,2429744
920,1962,2484403
920,1963,2538117
920,1964,2588770
920,1965,2636493
920,1966,2682589
920,1967,2723417
920,1968,2754522
920,1969,2784399
920,1970,2822184
920,1971,2867168
920,1972,2919263
920,1973,2978989
920,1974,3041223
920,1975,3094039
920,1976,3126639
920,1977,3140129
920,1978,3142245
920,1979,3141596
920,1980,3146325
920,1981,3159844
920,1982,3185129
920,1983,3219281
920,1984,3249828
920,1985,3268030
920,1986,3281510
920,1987,3299443
920,1988,3316026
920,1989,3333822
920,1990,3396981
920,1991,3480933
920,1992,3532246
920,1993,3573609
920,1994,3621030
920,1995,3674434
920,1996,3729383
920,1997,3776950
920,1998,3811376
920,1999,3835561
920,2000,3857576
920,2001,3891763
920,2002,3951116
920,2003,4022585
920,2004,4083912
920,2005,4135002
920,2006,4181943
920,2007,4223270
920,2008,4261819
920,2009,4304304
920,2010,4347766
920,2011,4382699
920,2012,4411682
920,2013,4453857
920,2014,4522976
920,2015,4614035
920,2016,4714768
920,2017,4812749
920,2018,4900840
920,2019,4989410
920,2020,5069895
920,2021,5107694
920,2022,5131731
920,2023,5172837
920,2024,5172837
920,2025,5172837
935,1946,50148
935,1947,50345
935,1948,50543
935,1949,50948
935,1950,51557
935,1951,52378
935,1952,53285
935,1953,54316
935,1954,55435
935,1955,56650
935,1956,57941
935,1957,59391
935,1958,60999
935,1959,62683
935,1960,64446
935,1961,66279
935,1962,68188
935,1963,70171
935,1964,72232
935,1965,74375
935,1966,76605
935,1967,78935
935,1968,81334
935,1969,83770
935,1970,86283
935,1971,88881
935,1972,91578
935,1973,94379
935,1974,97273
935,1975,100288
935,1976,103402
935,1977,106634
935,1978,109980
935,1979,113061
935,1980,115683
935,1981,118268
935,1982,121051
935,1983,124013
935,1984,127125
935,1985,130375
935,1986,133737
935,1987,137206
935,1988,140769
935,1989,144410
935,1990,148073
935,1991,151807
935,1992,155619
935,1993,159475
935,1994,163328
935,1995,167155
935,1996,170926
935,1997,174638
935,1998,178322
935,1999,182056
935,2000,186290
935,2001,191047
935,2002,195871
935,2003,200760
935,2004,205720
935,2005,210772
935,2006,215939
935,2007,221291
935,2008,226908
935,2009,232740
935,2010,238256
935,2011,243483
935,2012,248894
935,2013,254495
935,2014,260247
935,2015,266115
935,2016,272097
935,2017,278518
935,2018,285273
935,2019,291995
935,2020,298867
935,2021,305882
935,2022,313061
935,2023,320422
935,2024,320422
935,2025,320422
940,1946,100121
940,1947,101286
940,1948,102464
940,1949,103770
940,1950,108650
940,1951,110972
940,1952,113501
940,1953,116223
940,1954,119126
940,1955,122199
940,1956,125357
940,1957,128689
940,1958,132320
940,1959,136144
940,1960,139698
940,1961,142921
940,1962,146210
940,1963,149607
940,1964,153098
940,1965,156696
940,1966,160403
940,1967,164255
940,1968,168297
940,1969,172488
940,1970,176590
940,1971,180655
940,1972,185005
940,1973,189788
940,1974,195056
940,1975,200759
940,1976,207210
940,1977,214426
940,1978,222040
940,1979,229964
940,1980,238149
940,1981,246569
940,1982,255213
940,1983,264084
940,1984,273176
940,1985,282468
940,1986,291855
940,1987,301426
940,1988,311278
940,1989,321293
940,1990,331448
940,1991,341743
940,1992,352215
940,1993,362850
940,1994,373685
940,1995,384744
940,1996,396017
940,1997,407480
940,1998,419078
940,1999,430511
940,2000,440481
940,2001,449137
940,2002,457676
940,2003,466164
940,2004,474618
940,2005,483090
940,2006,491602
940,2007,500168
940,2008,508802
940,2009,518150
940,2010,532976
940,2011,552958
940,2012,573623
940,2013,594952
940,2014,616915
940,2015,639423
940,2016,662387
940,2017,685677
940,2018,709109
940,2019,728156
940,2020,744505
940,2021,762594
940,2022,781075
940,2023,800014
940,2024,800014
940,2025,800014
950,1946,292332
950,1947,295271
950,1948,298239
950,1949,302566
950,1950,309525
950,1951,316137
950,1952,323374
950,1953,331225
950,1954,339754
950,1955,349084
950,1956,359218
950,1957,369923
950,1958,381079
950,1959,392770
950,1960,404901
950,1961,417418
950,1962,430550
950,1963,444288
950,1964,458333
950,1965,472583
950,1966,486493
950,1967,498881
950,1968,510008
950,1969,520805
950,1970,531198
950,1971,541132
950,1972,550508
950,1973,559232
950,1974,567498
950,1975,575919
950,1976,585544
950,1977,597811
950,1978,612101
950,1979,626876
950,1980,641985
950,1981,657473
950,1982,673422
950,1983,689845
950,1984,706722
950,1985,723767
950,1986,739320
950,1987,750551
950,1988,758707
950,1989,766331
950,1990,773325
950,1991,779666
950,1992,785349
950,1993,790380
950,1994,794779
950,1995,798750
950,1996,803788
950,1997,812145
950,1998,822259
950,1999,831835
950,2000,840913
950,2001,849606
950,2002,858057
950,2003,866297
950,2004,874369
950,2005,882384
950,2006,890370
950,2007,897843
950,2008,903403
950,2009,907248
950,2010,910427
950,2011,912991
950,2012,914920
950,2013,916359
950,2014,917589
950,2015,918585
950,2016,919167
950,2017,918762
950,2018,917185
950,2019,914906
950,2020,914971
950,2021,916718
950,2022,919428
950,2023,924150
950,2024,924150
950,2025,924150
970,1946,36788
970,1947,36966
970,1948,37144
970,1949,37437
970,1950,37871
970,1951,38644
970,1952,39449
970,1953,40285
970,1954,41151
970,1955,42062
970,1956,43009
970,1957,43992
970,1958,45005
970,1959,46061
970,1960,47177
970,1961,48347
970,1962,49562
970,1963,50812
970,1964,52106
970,1965,53452
970,1966,54449
970,1967,55016
970,1968,55545
970,1969,56380
970,1970,57530
970,1971,58672
970,1972,59796
970,1973,60839
970,1974,61235
970,1975,61011
970,1976,60683
970,1977,60285
970,1978,59878
970,1979,60192
970,1980,61170
970,1981,62137
970,1982,63146
970,1983,64183
970,1984,65245
970,1985,66510
970,1986,68079
970,1987,69749
970,1988,71445
970,1989,73164
970,1990,74872
970,1991,76385
970,1992,77655
970,1993,78853
970,1994,80033
970,1995,81251
970,1996,82637
970,1997,84161
970,1998,85672
970,1999,87139
970,2000,88632
970,2001,90350
970,2002,92281
970,2003,94189
970,2004,96096
970,2005,98045
970,2006,100028
970,2007,102081
970,2008,104235
970,2009,106479
970,2010,108717
970,2011,110660
970,2012,112293
970,2013,113847
970,2014,115339
970,2015,116826
970,2016,118488
970,2017,120288
970,2018,122097
970,2019,123928
970,2020,126110
970,2021,128387
970,2022,130483
970,2023,132540
970,2024,132540
970,2025,132540
971,1946,3153
971,1947,3195
971,1948,3239
971,1949,3291
971,1950,3424
971,1951,3532
971,1952,3630
971,1953,3714
971,1954,3801
971,1955,3905
971,1956,4041
971,1957,4181
971,1958,4317
971,1959,4473
971,1960,4625
971,1961,4799
971,1962,5000
971,1963,5246
971,1964,5535
971,1965,5851
971,1966,6060
971,1967,6157
971,1968,6348
971,1969,6604
971,1970,6733
971,1971,6780
971,1972,6831
971,1973,6886
971,1974,6944
971,1975,7013
971,1976,7084
971,1977,7184
971,1978,7316
971,1979,7488
971,1980,7670
971,1981,7866
971,1982,8059
971,1983,8240
971,1984,8398
971,1985,8573
971,1986,8765
971,1987,8972
971,1988,9183
971,1989,9413
971,1990,9645
971,1991,9873
971,1992,10042
971,1993,10123
971,1994,10163
971,1995,10187
971,1996,10206
971,1997,10218
971,1998,10220
971,1999,10207
971,2000,10187
971,2001,10147
971,2002,10105
971,2003,10086
971,2004,10084
971,2005,10071
971,2006,10061
971,2007,10042
971,2008,10032
971,2009,10041
971,2010,10067
971,2011,10116
971,2012,10289
971,2013,10539
971,2014,10766
971,2015,10975
971,2016,11173
971,2017,11351
971,2018,11499
971,2019,11609
971,2020,11665
971,2021,11727
971,2022,11822
971,2023,11900
971,2024,11900
971,2025,11900
972,1946,44157
972,1947,45487
972,1948,46856
972,1949,48303
972,1950,49679
972,1951,50973
972,1952,52379
972,1953,53895
972,1954,55536
972,1955,57277
972,1956,59118
972,1957,60901
972,1958,62601
972,1959,64368
972,1960,66187
972,1961,68054
972,1962,69958
972,1963,71904
972,1964,73891
972,1965,75942
972,1966,78019
972,1967,79831
972,1968,81367
972,1969,82905
972,1970,84416
972,1971,85914
972,1972,87369
972,1973,88818
972,1974,90699
972,1975,93032
972,1976,95343
972,1977,96740
972,1978,97222
972,1979,97564
972,1980,97785
972,1981,97930
972,1982,98000
972,1983,98016
972,1984,98008
972,1985,98000
972,1986,98025
972,1987,98394
972,1988,98985
972,1989,99419
972,1990,99717
972,1991,99911
972,1992,100045
972,1993,100120
972,1994,100187
972,1995,100240
972,1996,100294
972,1997,100691
972,1998,101406
972,1999,102058
972,2000,102695
972,2001,103305
972,2002,103888
972,2003,104481
972,2004,105088
972,2005,105684
972,2006,106266
972,2007,106744
972,2008,107036
972,2009,107219
972,2010,107415
972,2011,107584
972,2012,107476
972,2013,107093
972,2014,106627
972,2015,106110
972,2016,105536
972,2017,105373
972,2018,105590
972,2019,105688
972,2020,105721
972,2021,105504
972,2022,105053
972,2023,104613
972,2024,104613
972,2025,104613
973,1946,4622
973,1947,4644
973,1948,4667
973,1949,4696
973,1950,4784
973,1951,4947
973,1952,5072
973,1953,5198
973,1954,5292
973,1955,5361
973,1956,5408
973,1957,5455
973,1958,5517
973,1959,5577
973,1960,5619
973,1961,5669
973,1962,5721
973,1963,5773
973,1964,5771
973,1965,5731
973,1966,5705
973,1967,5674
973,1968,5644
973,1969,5653
973,1970,5684
973,1971,5704
973,1972,5712
973,1973,5704
973,1974,5844
973,1975,6133
973,1976,6427
973,1977,6708
973,1978,6980
973,1979,7207
973,1980,7387
973,1981,7545
973,1982,7686
973,1983,7809
973,1984,7926
973,1985,8068
973,1986,8238
973,1987,8393
973,1988,8539
973,1989,8685
973,1990,8821
973,1991,8953
973,1992,9060
973,1993,9146
973,1994,9231
973,1995,9299
973,1996,9363
973,1997,9425
973,1998,9469
973,1999,9518
973,2000,9566
973,2001,9608
973,2002,9645
973,2003,9715
973,2004,9839
973,2005,9964
973,2006,10078
973,2007,10204
973,2008,10344
973,2009,10479
973,2010,10635
973,2011,10804
973,2012,10960
973,2013,11028
973,2014,11007
973,2015,10985
973,2016,10951
973,2017,10892
973,2018,10775
973,2019,10603
973,2020,10423
973,2021,10214
973,2022,10012
973,2023,9837
973,2024,9837
973,2025,9837
983,1946,17823
983,1947,16207
983,1948,14737
983,1949,13700
983,1950,13019
983,1951,13134
983,1952,13240
983,1953,13332
983,1954,13413
983,1955,13508
983,1956,13594
983,1957,13660
983,1958,13826
983,1959,14217
983,1960,14728
983,1961,15240
983,1962,15782
983,1963,16325
983,1964,16881
983,1965,17430
983,1966,17947
983,1967,18678
983,1968,19889
983,1969,21328
983,1970,22552
983,1971,23392
983,1972,24015
983,1973,24607
983,1974,25318
983,1975,26177
983,1976,27040
983,1977,27928
983,1978,28831
983,1979,29757
983,1980,30793
983,1981,32040
983,1982,33418
983,1983,34832
983,1984,36282
983,1985,37779
983,1986,39307
983,1987,40846
983,1988,42338
983,1989,43611
983,1990,44648
983,1991,45587
983,1992,46406
983,1993,47112
983,1994,47731
983,1995,48283
983,1996,48795
983,1997,49277
983,1998,49732
983,1999,50221
983,2000,50721
983,2001,51137
983,2002,51441
983,2003,51657
983,2004,51803
983,2005,51928
983,2006,52011
983,2007,52050
983,2008,52049
983,2009,52036
983,2010,52064
983,2011,51927
983,2012,51438
983,2013,50696
983,2014,49815
983,2015,48823
983,2016,47730
983,2017,46544
983,2018,45307
983,2019,44030
983,2020,42728
983,2021,41387
983,2022,40094
983,2023,38849
983,2024,38849
983,2025,38849
986,1946,7191
986,1947,7225
986,1948,7260
986,1949,7328
986,1950,7494
986,1951,7679
986,1952,7838
986,1953,8028
986,1954,8231
986,1955,8439
986,1956,8614
986,1957,8771
986,1958,8924
986,1959,9125
986,1960,9349
986,1961,9581
986,1962,9815
986,1963,10060
986,1964,10313
986,1965,10567
986,1966,10825
986,1967,11012
986,1968,11104
986,1969,11182
986,1970,11393
986,1971,11783
986,1972,12216
986,1973,12577
986,1974,12711
986,1975,12675
986,1976,12622
986,1977,12548
986,1978,12465
986,1979,12359
986,1980,12296
986,1981,12423
986,1982,12721
986,1983,13028
986,1984,13359
986,1985,13712
986,1986,14044
986,1987,14357
986,1988,14664
986,1989,14969
986,1990,15282
986,1991,15635
986,1992,16017
986,1993,16397
986,1994,16796
986,1995,17217
986,1996,17683
986,1997,18126
986,1998,18548
986,1999,18926
986,2000,19206
986,2001,19379
986,2002,19527
986,2003,19683
986,2004,19841
986,2005,19837
986,2006,19616
986,2007,19324
986,2008,19031
986,2009,18736
986,2010,18420
986,2011,18099
986,2012,17791
986,2013,17670
986,2014,17740
986,2015,17791
986,2016,17824
986,2017,17838
986,2018,17843
986,2019,17821
986,2020,17817
986,2021,17809
986,2022,17784
986,2023,17751
986,2024,17751
986,2025,17751
